p	west-bromwich-albion-football-club--stoke-city-fc	manchester-city-football-club--swansea-city-afc	chelsea-football-club--arsenal-fc
1.069508781591619e-09	-5.25	-9.0	-8.5
3.3502205904532627e-09	-5.25	-9.0	-7.5
9.80328770707342e-09	-5.25	-9.0	-6.5
1.4754091621703984e-08	-5.25	-9.0	-5.5
2.3796325282622073e-08	-5.25	-9.0	-4.5
4.8190246164654016e-08	-5.25	-9.0	-3.5
1.1798949390426367e-07	-5.25	-9.0	-2.5
1.9452132640633636e-07	-5.25	-9.0	-1.5
2.224709842273229e-07	-5.25	-9.0	-0.5
1.616748395682871e-07	-5.25	-9.0	0.5
8.38434613540048e-08	-5.25	-9.0	1.5
2.954803067909617e-08	-5.25	-9.0	2.5
8.635729484666244e-09	-5.25	-9.0	3.5
2.6492468861885996e-09	-5.25	-9.0	4.5
4.71173032811388e-10	-5.25	-9.0	5.5
5.577826041322137e-09	-5.25	-8.0	-8.5
1.7472458361486603e-08	-5.25	-8.0	-7.5
5.112724121976091e-08	-5.25	-8.0	-6.5
7.694724707273795e-08	-5.25	-8.0	-5.5
1.2410535110488135e-07	-5.25	-8.0	-4.5
2.513273519782736e-07	-5.25	-8.0	-3.5
6.153524711804747e-07	-5.25	-8.0	-2.5
1.0144901460342426e-06	-5.25	-8.0	-1.5
1.1602564379275519e-06	-5.25	-8.0	-0.5
8.431853444237648e-07	-5.25	-8.0	0.5
4.3727012829103346e-07	-5.25	-8.0	1.5
1.5410231110620322e-07	-5.25	-8.0	2.5
4.5038056381081176e-08	-5.25	-8.0	3.5
1.3816659129889048e-08	-5.25	-8.0	4.5
2.4573161601094834e-09	-5.25	-8.0	5.5
1.2899025125954454e-08	-5.25	-7.0	-8.5
4.04060072414138e-08	-5.25	-7.0	-7.5
1.1823451721669471e-07	-5.25	-7.0	-6.5
1.7794468059979242e-07	-5.25	-7.0	-5.5
2.8700035288081704e-07	-5.25	-7.0	-4.5
5.812081273224708e-07	-5.25	-7.0	-3.5
1.423035951331616e-06	-5.25	-7.0	-2.5
2.3460634639346123e-06	-5.25	-7.0	-1.5
2.6831559167503917e-06	-5.25	-7.0	-0.5
1.9499118228112853e-06	-5.25	-7.0	0.5
1.0112108785519616e-06	-5.25	-7.0	1.5
3.563699491881959e-07	-5.25	-7.0	2.5
1.041529471482074e-07	-5.25	-7.0	3.5
3.195177331685702e-08	-5.25	-7.0	4.5
5.6826768452163615e-09	-5.25	-7.0	5.5
3.782305127096009e-08	-5.25	-6.0	-8.5
1.1848015401347586e-07	-5.25	-6.0	-7.5
3.4669210758308023e-07	-5.25	-6.0	-6.5
5.217767011072903e-07	-5.25	-6.0	-5.5
8.415542225708748e-07	-5.25	-6.0	-4.5
1.7042423426700545e-06	-5.25	-6.0	-3.5
4.172684464296098e-06	-5.25	-6.0	-2.5
6.879223647900225e-06	-5.25	-6.0	-1.5
7.867659983313713e-06	-5.25	-6.0	-0.5
5.7176115348163016e-06	-5.25	-6.0	0.5
2.965114071160736e-06	-5.25	-6.0	1.5
1.0449626020537892e-06	-5.25	-6.0	2.5
3.0540154946141736e-07	-5.25	-6.0	3.5
9.369030206243235e-08	-5.25	-6.0	4.5
1.6662978447916784e-08	-5.25	-6.0	5.5
7.111031924847522e-08	-5.25	-5.0	-8.5
2.227520333076745e-07	-5.25	-5.0	-7.5
6.518085036171584e-07	-5.25	-5.0	-6.5
9.80981347230525e-07	-5.25	-5.0	-5.5
1.5821883063639523e-06	-5.25	-5.0	-4.5
3.20411000677473e-06	-5.25	-5.0	-3.5
7.844975865473492e-06	-5.25	-5.0	-2.5
1.293348297786415e-05	-5.25	-5.0	-1.5
1.4791821240013086e-05	-5.25	-5.0	-0.5
1.0749560596442887e-05	-5.25	-5.0	0.5
5.574648293123652e-06	-5.25	-5.0	1.5
1.9646121012932262e-06	-5.25	-5.0	2.5
5.741789980295559e-07	-5.25	-5.0	3.5
1.7614515662465551e-07	-5.25	-5.0	4.5
3.132771358326605e-08	-5.25	-5.0	5.5
9.726296685004314e-08	-5.25	-4.0	-8.5
3.046748187935974e-07	-5.25	-4.0	-7.5
8.915278337925798e-07	-5.25	-4.0	-6.5
1.3417624511401573e-06	-5.25	-4.0	-5.5
2.1640787218896188e-06	-5.25	-4.0	-4.5
4.382503814725939e-06	-5.25	-4.0	-3.5
1.0730167373834394e-05	-5.25	-4.0	-2.5
1.769010376308459e-05	-5.25	-4.0	-1.5
2.0231893684684954e-05	-5.25	-4.0	-0.5
1.4702987794092533e-05	-5.25	-4.0	0.5
7.624868484138631e-06	-5.25	-4.0	1.5
2.687148696570842e-06	-5.25	-4.0	2.5
7.853480822691872e-07	-5.25	-4.0	3.5
2.4092706530700727e-07	-5.25	-4.0	4.5
4.2849285447444926e-08	-5.25	-4.0	5.5
1.0637889673221219e-07	-5.25	-3.0	-8.5
3.3323033560470897e-07	-5.25	-3.0	-7.5
9.750858979156424e-07	-5.25	-3.0	-6.5
1.4675185618084544e-06	-5.25	-3.0	-5.5
2.3669060725980863e-06	-5.25	-3.0	-4.5
4.79325210646759e-06	-5.25	-3.0	-3.5
1.1735847712113823e-05	-5.25	-3.0	-2.5
1.9348101156493347e-05	-5.25	-3.0	-1.5
2.212811924911215e-05	-5.25	-3.0	-0.5
1.608101902355297e-05	-5.25	-3.0	0.5
8.339506014878703e-06	-5.25	-3.0	1.5
2.939000556474197e-06	-5.25	-3.0	2.5
8.589544946882082e-07	-5.25	-3.0	3.5
2.6350785124418297e-07	-5.25	-3.0	4.5
4.686531636126833e-08	-5.25	-3.0	5.5
8.241706831479922e-08	-5.25	-2.0	-8.5
2.581702591185131e-07	-5.25	-2.0	-7.5
7.554479650565524e-07	-5.25	-2.0	-6.5
1.1369602550613716e-06	-5.25	-2.0	-5.5
1.8337608818324972e-06	-5.25	-2.0	-4.5
3.7135728837576137e-06	-5.25	-2.0	-3.5
9.092350008631745e-06	-5.25	-2.0	-2.5
1.4989944657825156e-05	-5.25	-2.0	-1.5
1.714376414734767e-05	-5.25	-2.0	-0.5
1.2458772220321654e-05	-5.25	-2.0	0.5
6.461033701732433e-06	-5.25	-2.0	1.5
2.2769911804022307e-06	-5.25	-2.0	2.5
6.65475140677836e-07	-5.25	-2.0	3.5
2.0415275251582463e-07	-5.25	-2.0	4.5
3.6308911812315686e-08	-5.25	-2.0	5.5
4.7700655132571916e-08	-5.25	-1.0	-8.5
1.4942160340696809e-07	-5.25	-1.0	-7.5
4.3723179662403925e-07	-5.25	-1.0	-6.5
6.580402595609556e-07	-5.25	-1.0	-5.5
1.0613286447630905e-06	-5.25	-1.0	-4.5
2.1493103681047143e-06	-5.25	-1.0	-3.5
5.262393591213203e-06	-5.25	-1.0	-2.5
8.675753641807981e-06	-5.25	-1.0	-1.5
9.922323105976574e-06	-5.25	-1.0	-0.5
7.210783023570816e-06	-5.25	-1.0	0.5
3.7394625495423276e-06	-5.25	-1.0	1.5
1.317857735747334e-06	-5.25	-1.0	2.5
3.851580847734813e-07	-5.25	-1.0	3.5
1.1815780688687771e-07	-5.25	-1.0	4.5
2.101456550217084e-08	-5.25	-1.0	5.5
2.085596184362586e-08	-5.25	0.0	-8.5
6.533099494352995e-08	-5.25	0.0	-7.5
1.9116906553730331e-07	-5.25	0.0	-6.5
2.8771224434612865e-07	-5.25	0.0	-5.5
4.6404037129484787e-07	-5.25	0.0	-4.5
9.397341588437101e-07	-5.25	0.0	-3.5
2.3008547710603784e-06	-5.25	0.0	-2.5
3.793264189252014e-06	-5.25	0.0	-1.5
4.338296644422144e-06	-5.25	0.0	-0.5
3.1527410930582214e-06	-5.25	0.0	0.5
1.6349898765995752e-06	-5.25	0.0	1.5
5.762015338297855e-07	-5.25	0.0	2.5
1.6840109003690796e-07	-5.25	0.0	3.5
5.166165339051109e-08	-5.25	0.0	4.5
9.18811230276745e-09	-5.25	0.0	5.5
7.068200122312668e-09	-5.25	1.0	-8.5
2.2141033336796056e-08	-5.25	1.0	-7.5
6.478824724289257e-08	-5.25	1.0	-6.5
9.750726127741185e-08	-5.25	1.0	-5.5
1.5726583284609788e-07	-5.25	1.0	-4.5
3.1848107252414e-07	-5.25	1.0	-3.5
7.797723306251171e-07	-5.25	1.0	-2.5
1.2855580868177354e-06	-5.25	1.0	-1.5
1.4702725821348277e-06	-5.25	1.0	-0.5
1.0684812883077337e-06	-5.25	1.0	0.5
5.541070573684928e-07	-5.25	1.0	1.5
1.9527786742365783e-07	-5.25	1.0	2.5
5.707205518120205e-08	-5.25	1.0	3.5
1.750841833867692e-08	-5.25	1.0	4.5
3.11390177011145e-09	-5.25	1.0	5.5
3.3639784744159742e-09	-5.25	2.0	-8.5
1.0537613290148104e-08	-5.25	2.0	-7.5
3.0834762082107e-08	-5.25	2.0	-6.5
4.640676867665488e-08	-5.25	2.0	-5.5
7.484775010618629e-08	-5.25	2.0	-4.5
1.5157514698799684e-07	-5.25	2.0	-3.5
3.711181474456891e-07	-5.25	2.0	-2.5
6.118374772687205e-07	-5.25	2.0	-1.5
6.997489081007042e-07	-5.25	2.0	-0.5
5.085238097372119e-07	-5.25	2.0	0.5
2.6371695498905845e-07	-5.25	2.0	1.5
9.2938871448946e-08	-5.25	2.0	2.5
2.7162383888110235e-08	-5.25	2.0	3.5
8.3328062863489e-09	-5.25	2.0	4.5
1.4820036706421571e-09	-5.25	2.0	5.5
1.0842478681688307e-09	-5.25	3.0	-8.5
3.3963905632345638e-09	-5.25	3.0	-7.5
9.93838852040273e-09	-5.25	3.0	-6.5
1.495742032505206e-08	-5.25	3.0	-5.5
2.4124266581091912e-08	-5.25	3.0	-4.5
4.885436433051044e-08	-5.25	3.0	-3.5
1.196155276459112e-07	-5.25	3.0	-2.5
1.972020586456269e-07	-5.25	3.0	-1.5
2.2553689556333287e-07	-5.25	3.0	-0.5
1.6390290865829264e-07	-5.25	3.0	0.5
8.499892268083066e-08	-5.25	3.0	1.5
2.995523723023564e-08	-5.25	3.0	2.5
8.754739975017201e-09	-5.25	3.0	3.5
2.685756618405882e-09	-5.25	3.0	4.5
4.776663503446198e-10	-5.25	3.0	5.5
3.178881940596134e-08	-4.25	-9.0	-8.5
9.957801109548786e-08	-4.25	-9.0	-7.5
2.9138137794536815e-07	-4.25	-9.0	-6.5
4.385332426755555e-07	-4.25	-9.0	-5.5
7.072939464873233e-07	-4.25	-9.0	-4.5
1.4323501207509971e-06	-4.25	-9.0	-3.5
3.5069807542315237e-06	-4.25	-9.0	-2.5
5.781722807863985e-06	-4.25	-9.0	-1.5
6.612465519118333e-06	-4.25	-9.0	-0.5
4.805432518165614e-06	-4.25	-9.0	0.5
2.4920642983283787e-06	-4.25	-9.0	1.5
8.78250863599037e-07	-4.25	-9.0	2.5
2.566782524387101e-07	-4.25	-9.0	3.5
7.874309428439269e-08	-4.25	-9.0	4.5
1.4004592301439856e-08	-4.25	-9.0	5.5
1.65788731946254e-07	-4.25	-8.0	-8.5
5.193307740820043e-07	-4.25	-8.0	-7.5
1.519645902711808e-06	-4.25	-8.0	-6.5
2.287089347074812e-06	-4.25	-8.0	-5.5
3.6887612906884177e-06	-4.25	-8.0	-4.5
7.470158208449839e-06	-4.25	-8.0	-3.5
1.8290012119636274e-05	-4.25	-8.0	-2.5
3.015351028106284e-05	-4.25	-8.0	-1.5
3.448609586449043e-05	-4.25	-8.0	-0.5
2.5061848112879872e-05	-4.25	-8.0	0.5
1.2996902296752617e-05	-4.25	-8.0	1.5
4.5803556007330605e-06	-4.25	-8.0	2.5
1.338658144127681e-06	-4.25	-8.0	3.5
4.106701033535596e-07	-4.25	-8.0	4.5
7.303837142956552e-08	-4.25	-8.0	5.5
3.833954309675741e-07	-4.25	-7.0	-8.5
1.200980570913841e-06	-4.25	-7.0	-7.5
3.514263538593078e-06	-4.25	-7.0	-6.5
5.289018111118425e-06	-4.25	-7.0	-5.5
8.53046047326346e-06	-4.25	-7.0	-4.5
1.7275145856432854e-05	-4.25	-7.0	-3.5
4.2296644631333444e-05	-4.25	-7.0	-2.5
6.973162731675311e-05	-4.25	-7.0	-1.5
7.975096637232065e-05	-4.25	-7.0	-0.5
5.795688250511749e-05	-4.25	-7.0	0.5
3.0056041196589378e-05	-4.25	-7.0	1.5
1.0592320653595979e-05	-4.25	-7.0	2.5
3.0957195345004976e-06	-4.25	-7.0	3.5
9.496968787467329e-07	-4.25	-7.0	4.5
1.6890519375276964e-07	-4.25	-7.0	5.5
1.1242078297343722e-06	-4.25	-6.0	-8.5
3.5215645574409217e-06	-4.25	-6.0	-7.5
1.0304667887840575e-05	-4.25	-6.0	-6.5
1.550867613920291e-05	-4.25	-6.0	-5.5
2.501336656798458e-05	-4.25	-6.0	-4.5
5.065489221557166e-05	-4.25	-6.0	-3.5
0.00012402395862161158	-4.25	-6.0	-2.5
0.00020446994167816045	-4.25	-6.0	-1.5
0.00023384905917730732	-4.25	-6.0	-0.5
0.00016994355132197365	-4.25	-6.0	0.5
8.813155847671636e-05	-4.25	-6.0	1.5
3.105923767473594e-05	-4.25	-6.0	2.5
9.077395968345403e-06	-4.25	-6.0	3.5
2.7847401943912823e-06	-4.25	-6.0	4.5
4.952707464991266e-07	-4.25	-6.0	5.5
2.11359937889055e-06	-4.25	-5.0	-8.5
6.620819090976071e-06	-4.25	-5.0	-7.5
1.9373588291552285e-05	-4.25	-5.0	-6.5
2.9157534210537404e-05	-4.25	-5.0	-5.5
4.7027101790018284e-05	-4.25	-5.0	-4.5
9.523519218852722e-05	-4.25	-5.0	-3.5
0.00023317482317493132	-4.25	-5.0	-2.5
0.00038441961557487064	-4.25	-5.0	-1.5
0.0004396546734139726	-4.25	-5.0	-0.5
0.0003195072788324627	-4.25	-5.0	0.5
0.00016569428030140736	-4.25	-5.0	1.5
5.8393816269405355e-05	-4.25	-5.0	2.5
1.7066220295914227e-05	-4.25	-5.0	3.5
5.2355311798777165e-06	-4.25	-5.0	4.5
9.311480622142189e-07	-4.25	-5.0	5.5
2.890929874818575e-06	-4.25	-4.0	-8.5
9.055795481884952e-06	-4.25	-4.0	-7.5
2.649872333132633e-05	-4.25	-4.0	-6.5
3.9880966831818975e-05	-4.25	-4.0	-5.5
6.432252717743538e-05	-4.25	-4.0	-4.5
0.00013026038187824378	-4.25	-4.0	-3.5
0.0003189308575240902	-4.25	-4.0	-2.5
0.0005257998096663967	-4.25	-4.0	-1.5
0.0006013489796932207	-4.25	-4.0	-0.5
0.00043701429269136165	-4.25	-4.0	0.5
0.00022663261060444623	-4.25	-4.0	1.5
7.986964305719197e-05	-4.25	-4.0	2.5
2.3342761450654457e-05	-4.25	-4.0	3.5
7.1610323364106205e-06	-4.25	-4.0	4.5
1.2736016947296358e-06	-4.25	-4.0	5.5
3.161881038314799e-06	-4.25	-3.0	-8.5
9.904546032209026e-06	-4.25	-3.0	-7.5
2.8982304818489864e-05	-4.25	-3.0	-6.5
4.3618793355581955e-05	-4.25	-3.0	-5.5
7.035112846920395e-05	-4.25	-3.0	-4.5
0.00014246898034159724	-4.25	-3.0	-3.5
0.0003488225154552338	-4.25	-3.0	-2.5
0.0005750801714752918	-4.25	-3.0	-1.5
0.0006577101550833261	-4.25	-3.0	-0.5
0.00047797326997427994	-4.25	-3.0	0.5
0.0002478736549010724	-4.25	-3.0	1.5
8.73553911214657e-05	-4.25	-3.0	2.5
2.5530551763163006e-05	-4.25	-3.0	3.5
7.83219702300002e-06	-4.25	-3.0	4.5
1.3929694677163168e-06	-4.25	-3.0	5.5
2.449667871570902e-06	-4.25	-2.0	-8.5
7.673548721026198e-06	-4.25	-2.0	-7.5
2.2454045581603774e-05	-4.25	-2.0	-6.5
3.379366756214478e-05	-4.25	-2.0	-5.5
5.450454873268004e-05	-4.25	-2.0	-4.5
0.00011037786672210986	-4.25	-2.0	-3.5
0.0002702503031064878	-4.25	-2.0	-2.5
0.0004455434605444036	-4.25	-2.0	-1.5
0.0005095610543818094	-4.25	-2.0	-0.5
0.00037030987211009213	-4.25	-2.0	0.5
0.0001920401562430814	-4.25	-2.0	1.5
6.767860411118333e-05	-4.25	-2.0	2.5
1.9779799315609674e-05	-4.25	-2.0	3.5
6.067995974093386e-06	-4.25	-2.0	4.5
1.0792033317491783e-06	-4.25	-2.0	5.5
1.417798093531104e-06	-4.25	-1.0	-8.5
4.441231757802434e-06	-4.25	-1.0	-7.5
1.2995762971428151e-05	-4.25	-1.0	-6.5
1.9558813665751263e-05	-4.25	-1.0	-5.5
3.154568265305767e-05	-4.25	-1.0	-4.5
6.388357002301818e-05	-4.25	-1.0	-3.5
0.00015641318930099352	-4.25	-1.0	-2.5
0.0002578678833469865	-4.25	-1.0	-1.5
0.0002949194459479681	-4.25	-1.0	-0.5
0.00021432482206526726	-4.25	-1.0	0.5
0.00011114738065624155	-4.25	-1.0	1.5
3.91704512253529e-05	-4.25	-1.0	2.5
1.1447985290395944e-05	-4.25	-1.0	3.5
3.5119834910954826e-06	-4.25	-1.0	4.5
6.246121950014374e-07	-4.25	-1.0	5.5
6.198980466509132e-07	-4.25	0.0	-8.5
1.9418215498717145e-06	-4.25	0.0	-7.5
5.6820841539309364e-06	-4.25	0.0	-6.5
8.551619896745479e-06	-4.25	0.0	-5.5
1.3792589471041662e-05	-4.25	0.0	-4.5
2.7931551361961977e-05	-4.25	0.0	-3.5
6.838789737447073e-05	-4.25	0.0	-2.5
0.00011274651722988483	-4.25	0.0	-1.5
0.00012894642001329805	-4.25	0.0	-0.5
9.37083630971528e-05	-4.25	0.0	0.5
4.8596513476450155e-05	-4.25	0.0	1.5
1.7126335767990955e-05	-4.25	0.0	2.5
5.005355665227622e-06	-4.25	0.0	3.5
1.5355301406692033e-06	-4.25	0.0	4.5
2.7309662875296843e-07	-4.25	0.0	5.5
2.1008685583582863e-07	-4.25	1.0	-8.5
6.580939982160262e-07	-4.25	1.0	-7.5
1.9256895564411545e-06	-4.25	1.0	-6.5
2.8981909946589834e-06	-4.25	1.0	-5.5
4.674384395079831e-06	-4.25	1.0	-4.5
9.466156307403336e-06	-4.25	1.0	-3.5
2.317703437564899e-05	-4.25	1.0	-2.5
3.821041450160486e-05	-4.25	1.0	-1.5
4.370065061220507e-05	-4.25	1.0	-0.5
3.175827940572528e-05	-4.25	1.0	0.5
1.6469625571509854e-05	-4.25	1.0	1.5
5.804209342043763e-06	-4.25	1.0	2.5
1.6963425513742493e-06	-4.25	1.0	3.5
5.203996060920083e-07	-4.25	1.0	4.5
9.255394880504448e-08	-4.25	1.0	5.5
9.99869342349949e-08	-4.25	2.0	-8.5
3.132076067219093e-07	-4.25	2.0	-7.5
9.164961523692878e-07	-4.25	2.0	-6.5
1.3793401363951601e-06	-4.25	2.0	-5.5
2.2246863719316323e-06	-4.25	2.0	-4.5
4.505241150860724e-06	-4.25	2.0	-3.5
1.1030678728854666e-05	-4.25	2.0	-2.5
1.818553658040085e-05	-4.25	2.0	-1.5
2.079851241242602e-05	-4.25	2.0	-0.5
1.5114762804762321e-05	-4.25	2.0	0.5
7.838412176439962e-06	-4.25	2.0	1.5
2.7624055558362997e-06	-4.25	2.0	2.5
8.073427080884255e-07	-4.25	2.0	3.5
2.476745200608835e-07	-4.25	2.0	4.5
4.404933167066247e-08	-4.25	2.0	5.5
3.222690665636664e-08	-4.25	3.0	-8.5
1.0095031298957677e-07	-4.25	3.0	-7.5
2.9539695540526766e-07	-4.25	3.0	-6.5
4.445767455827138e-07	-4.25	3.0	-5.5
7.170412874089192e-07	-4.25	3.0	-4.5
1.4520895869451975e-06	-4.25	3.0	-3.5
3.5553110661007806e-06	-4.25	3.0	-2.5
5.861401735701984e-06	-4.25	3.0	-1.5
6.703593056781062e-06	-4.25	3.0	-0.5
4.871657019680024e-06	-4.25	3.0	0.5
2.5264078699579423e-06	-4.25	3.0	1.5
8.903541915360297e-07	-4.25	3.0	2.5
2.6021558008884056e-07	-4.25	3.0	3.5
7.982826656534207e-08	-4.25	3.0	4.5
1.4197592024268018e-08	-4.25	3.0	5.5
1.4200862681684824e-07	-3.25	-9.0	-8.5
4.448399431333165e-07	-3.25	-9.0	-7.5
1.3016736744323095e-06	-3.25	-9.0	-6.5
1.9590379501233327e-06	-3.25	-9.0	-5.5
3.1596594014340256e-06	-3.25	-9.0	-4.5
6.398667127935279e-06	-3.25	-9.0	-3.5
1.5666562347645404e-05	-3.25	-9.0	-2.5
2.5828405455864298e-05	-3.25	-9.0	-1.5
2.9539541442286367e-05	-3.25	-9.0	-0.5
2.1467071942840238e-05	-3.25	-9.0	0.5
1.113267606530049e-05	-3.25	-9.0	1.5
3.92336681484377e-06	-3.25	-9.0	2.5
1.146646111548704e-06	-3.25	-9.0	3.5
3.517651457209898e-07	-3.25	-9.0	4.5
6.256202523470642e-08	-3.25	-9.0	5.5
7.406198344371035e-07	-3.25	-8.0	-8.5
2.3199807815853043e-06	-3.25	-8.0	-7.5
6.7886392739544225e-06	-3.25	-8.0	-6.5
1.0217001563909262e-05	-3.25	-8.0	-5.5
1.6478621582516914e-05	-3.25	-8.0	-4.5
3.337106973804861e-05	-3.25	-8.0	-3.5
8.170607006204143e-05	-3.25	-8.0	-2.5
0.00013470329092871055	-3.25	-8.0	-1.5
0.00015405803705538317	-3.25	-8.0	-0.5
0.00011195755937180459	-3.25	-8.0	0.5
5.80604213218583e-05	-3.25	-8.0	1.5
2.046159691828579e-05	-3.25	-8.0	2.5
5.980121576616746e-06	-3.25	-8.0	3.5
1.834566320542111e-06	-3.25	-8.0	4.5
3.2628071836182917e-07	-3.25	-8.0	5.5
1.7127235203125792e-06	-3.25	-7.0	-8.5
5.365081336654043e-06	-3.25	-7.0	-7.5
1.5699096371428422e-05	-3.25	-7.0	-6.5
2.3627370037797546e-05	-3.25	-7.0	-5.5
3.8107705808551436e-05	-3.25	-7.0	-4.5
7.71724080030712e-05	-3.25	-7.0	-3.5
0.00018894971676518084	-3.25	-7.0	-2.5
0.00031150866329749023	-3.25	-7.0	-1.5
0.00035626756304532863	-3.25	-7.0	-0.5
0.000258907925897799	-3.25	-7.0	0.5
0.00013426787208957694	-3.25	-7.0	1.5
4.7318552212065595e-05	-3.25	-7.0	2.5
1.3829355362032316e-05	-3.25	-7.0	3.5
4.242534078436999e-06	-3.25	-7.0	4.5
7.545418507290157e-07	-3.25	-7.0	5.5
5.022118252286802e-06	-3.25	-6.0	-8.5
1.5731711853233693e-05	-3.25	-6.0	-7.5
4.603353518317484e-05	-3.25	-6.0	-6.5
6.928114486259961e-05	-3.25	-6.0	-5.5
0.00011174098015479698	-3.25	-6.0	-4.5
0.00022628810441887022	-3.25	-6.0	-3.5
0.0005540461201570076	-3.25	-6.0	-2.5
0.0009134184969949346	-3.25	-6.0	-1.5
0.0010446623812004076	-3.25	-6.0	-0.5
0.0007591804543419541	-3.25	-6.0	0.5
0.00039370576927308723	-3.25	-6.0	1.5
0.00013874940229268904	-3.25	-6.0	2.5
4.055100380027913e-05	-3.25	-6.0	3.5
1.2440132676743233e-05	-3.25	-6.0	4.5
2.2124986057112543e-06	-3.25	-6.0	5.5
9.44197837623701e-06	-3.25	-5.0	-8.5
2.957685894229742e-05	-3.25	-5.0	-7.5
8.654667651112503e-05	-3.25	-5.0	-6.5
0.00013025401609684204	-3.25	-5.0	-5.5
0.00021008185497836622	-3.25	-5.0	-4.5
0.0004254394821845821	-3.25	-5.0	-3.5
0.0010416503999240618	-3.25	-5.0	-2.5
0.0017172988097510372	-3.25	-5.0	-1.5
0.0019640476624123945	-3.25	-5.0	-0.5
0.001427319125808024	-3.25	-5.0	0.5
0.000740197895257357	-3.25	-5.0	1.5
0.0002608598185769212	-3.25	-5.0	2.5
7.62390851395418e-05	-3.25	-5.0	3.5
2.338843050496558e-05	-3.25	-5.0	4.5
4.159671864171628e-06	-3.25	-5.0	5.5
1.2914508604550476e-05	-3.25	-4.0	-8.5
4.045450901128897e-05	-3.25	-4.0	-7.5
0.00011837644124574028	-3.25	-4.0	-6.5
0.00017815827834275665	-3.25	-4.0	-5.5
0.0002873448567311072	-3.25	-4.0	-4.5
0.0005819057865262756	-3.25	-4.0	-3.5
0.0014247441072952382	-3.25	-4.0	-2.5
0.0023488795855464424	-3.25	-4.0	-1.5
0.002686376670784214	-3.25	-4.0	-0.5
0.0019522524196918883	-3.25	-4.0	0.5
0.0010124246960181065	-3.25	-4.0	1.5
0.00035679772155290104	-3.25	-4.0	2.5
0.00010427796821857007	-3.25	-4.0	3.5
3.199012695935524e-05	-3.25	-4.0	4.5
5.689498105307092e-06	-3.25	-4.0	5.5
1.4124915388493843e-05	-3.25	-3.0	-8.5
4.424609053000883e-05	-3.25	-3.0	-7.5
0.00012947122246664022	-3.25	-3.0	-6.5
0.00019485608662372835	-3.25	-3.0	-5.5
0.0003142761302753454	-3.25	-3.0	-4.5
0.0006364446569699507	-3.25	-3.0	-3.5
0.0015582776381216337	-3.25	-3.0	-2.5
0.0025690273179975027	-3.25	-3.0	-1.5
0.0029381561729015996	-3.25	-3.0	-0.5
0.002135226441013326	-3.25	-3.0	0.5
0.0011073137667381744	-3.25	-3.0	1.5
0.0003902384350858183	-3.25	-3.0	2.5
0.00011405137609745092	-3.25	-3.0	3.5
3.498838789799983e-05	-3.25	-3.0	4.5
6.222743876769904e-06	-3.25	-3.0	5.5
1.094328059675908e-05	-3.25	-2.0	-8.5
3.427966615459648e-05	-3.25	-2.0	-7.5
0.00010030785160044358	-3.25	-2.0	-6.5
0.00015096478621364894	-3.25	-2.0	-5.5
0.00024348548531967124	-3.25	-2.0	-4.5
0.0004930856061059148	-3.25	-2.0	-3.5
0.0012072758648530488	-3.25	-2.0	-2.5
0.001990354351041807	-3.25	-2.0	-1.5
0.002276336994085917	-3.25	-2.0	-0.5
0.0016542670479047497	-3.25	-2.0	0.5
0.0008578915288895188	-3.25	-2.0	1.5
0.00030233729387596926	-3.25	-2.0	2.5
8.836132300640938e-05	-3.25	-2.0	3.5
2.710725946776022e-05	-3.25	-2.0	4.5
4.821071875639657e-06	-3.25	-2.0	5.5
6.333659573659422e-06	-3.25	-1.0	-8.5
1.9840095828869545e-05	-3.25	-1.0	-7.5
5.805533166996657e-05	-3.25	-1.0	-6.5
8.737412469992756e-05	-3.25	-1.0	-5.5
0.00014092247397903376	-3.25	-1.0	-4.5
0.00028538392506094495	-3.25	-1.0	-3.5
0.0006987369346756055	-3.25	-1.0	-2.5
0.0011519604910966129	-3.25	-1.0	-1.5
0.0013174791113130394	-3.25	-1.0	-0.5
0.0009574427186354174	-3.25	-1.0	0.5
0.0004965232177928081	-3.25	-1.0	1.5
0.00017498422697841858	-3.25	-1.0	2.5
5.1141020688668196e-05	-3.25	-1.0	3.5
1.5688910827571764e-05	-3.25	-1.0	4.5
2.790299286439611e-06	-3.25	-1.0	5.5
2.769240003761648e-06	-3.25	0.0	-8.5
8.674603743507818e-06	-3.25	0.0	-7.5
2.5383294605970394e-05	-3.25	0.0	-6.5
3.820223025862756e-05	-3.25	0.0	-5.5
6.161495543504954e-05	-3.25	0.0	-4.5
0.00012477724331695845	-3.25	0.0	-3.5
0.0003055058847268454	-3.25	0.0	-2.5
0.0005036669618248087	-3.25	0.0	-1.5
0.0005760359894209558	-3.25	0.0	-0.5
0.0004186187538058038	-3.25	0.0	0.5
0.00021709281048616055	-3.25	0.0	1.5
7.650763602628728e-05	-3.25	0.0	2.5
2.2360178768249887e-05	-3.25	0.0	3.5
6.859598147624917e-06	-3.25	0.0	4.5
1.2199911151858276e-06	-3.25	0.0	5.5
9.385106608872807e-07	-3.25	1.0	-8.5
2.939870896417805e-06	-3.25	1.0	-7.5
8.602538084018033e-06	-3.25	1.0	-6.5
1.2946945847485506e-05	-3.25	1.0	-5.5
2.0881647118826568e-05	-3.25	1.0	-4.5
4.228769371019496e-05	-3.25	1.0	-3.5
0.00010353762382114696	-3.25	1.0	-2.5
0.0001706955022198125	-3.25	1.0	-1.5
0.00019522176351344204	-3.25	1.0	-0.5
0.0001418721969783845	-3.25	1.0	0.5
7.35739469191852e-05	-3.25	1.0	1.5
2.5928858442178778e-05	-3.25	1.0	2.5
7.577987507345777e-06	-3.25	1.0	3.5
2.324755522166268e-06	-3.25	1.0	4.5
4.134616957123125e-07	-3.25	1.0	5.5
4.466667053283334e-07	-3.25	2.0	-8.5
1.399176910949666e-06	-3.25	2.0	-7.5
4.09421810916578e-06	-3.25	2.0	-6.5
6.161858236424721e-06	-3.25	2.0	-5.5
9.938231827411687e-06	-3.25	2.0	-4.5
2.012604183697713e-05	-3.25	2.0	-3.5
4.927680764541738e-05	-3.25	2.0	-2.5
8.123935163273134e-05	-3.25	2.0	-1.5
9.291216983565965e-05	-3.25	2.0	-0.5
6.752143523027952e-05	-3.25	2.0	0.5
3.501615254676488e-05	-3.25	2.0	1.5
1.234035824627008e-05	-3.25	2.0	2.5
3.6066023051089684e-06	-3.25	2.0	3.5
1.1064241814772218e-06	-3.25	2.0	4.5
1.9677940922768631e-07	-3.25	2.0	5.5
1.4396567240767506e-07	-3.25	3.0	-8.5
4.5097035977663424e-07	-3.25	3.0	-7.5
1.3196122657865416e-06	-3.25	3.0	-6.5
1.986035792919855e-06	-3.25	3.0	-5.5
3.203203217318296e-06	-3.25	3.0	-4.5
6.486848272775477e-06	-3.25	3.0	-3.5
1.5882465968806503e-05	-3.25	3.0	-2.5
2.618435120471432e-05	-3.25	3.0	-1.5
2.9946631001776523e-05	-3.25	3.0	-0.5
2.1762913395823806e-05	-3.25	3.0	0.5
1.128609741086282e-05	-3.25	3.0	1.5
3.977435415451316e-06	-3.25	3.0	2.5
1.1624482410893218e-06	-3.25	3.0	3.5
3.5661288238932396e-07	-3.25	3.0	4.5
6.342420338812726e-08	-3.25	3.0	5.5
3.642283906338573e-07	-2.25	-9.0	-8.5
1.1409400978580662e-06	-2.25	-9.0	-7.5
3.3385753964116946e-06	-2.25	-9.0	-6.5
5.024604883225421e-06	-2.25	-9.0	-5.5
8.10399821850058e-06	-2.25	-9.0	-4.5
1.641151162749732e-05	-2.25	-9.0	-3.5
4.018211371065009e-05	-2.25	-9.0	-2.5
6.624554270186119e-05	-2.25	-9.0	-1.5
7.576398617995512e-05	-2.25	-9.0	-0.5
5.505945125042415e-05	-2.25	-9.0	0.5
2.8553453248597883e-05	-2.25	-9.0	1.5
1.0062780078000787e-05	-2.25	-9.0	2.5
2.9409556109192997e-06	-2.25	-9.0	3.5
9.022188002161542e-07	-2.25	-9.0	4.5
1.604611373041486e-07	-2.25	-9.0	5.5
1.899566078590767e-06	-2.25	-8.0	-8.5
5.950362913290565e-06	-2.25	-8.0	-7.5
1.7411724997067992e-05	-2.25	-8.0	-6.5
2.620490121016202e-05	-2.25	-8.0	-5.5
4.226490991005338e-05	-2.25	-8.0	-4.5
8.5591215807585e-05	-2.25	-8.0	-3.5
0.0002095624123039811	-2.25	-8.0	-2.5
0.0003454914251887378	-2.25	-8.0	-1.5
0.0003951331138020416	-2.25	-8.0	-0.5
0.0002871524257598757	-2.25	-8.0	0.5
0.00014891527572376455	-2.25	-8.0	1.5
5.248057588049095e-05	-2.25	-8.0	2.5
1.5338012249460775e-05	-2.25	-8.0	3.5
4.705355959141302e-06	-2.25	-8.0	4.5
8.368555038354074e-07	-2.25	-8.0	5.5
4.392849542927863e-06	-2.25	-7.0	-8.5
1.3760536839705606e-05	-2.25	-7.0	-7.5
4.0265558043497664e-05	-2.25	-7.0	-6.5
6.0600254763935306e-05	-2.25	-7.0	-5.5
9.773989558605067e-05	-2.25	-7.0	-4.5
0.00019793432693740535	-2.25	-7.0	-3.5
0.0004846244400128226	-2.25	-7.0	-2.5
0.0007989676517869673	-2.25	-7.0	-1.5
0.0009137667480610478	-2.25	-7.0	-0.5
0.0006640555527216542	-2.25	-7.0	0.5
0.0003443746486478743	-2.25	-7.0	1.5
0.00012136417699153488	-2.25	-7.0	2.5
3.546998488699651e-05	-2.25	-7.0	3.5
1.0881390759389208e-05	-2.25	-7.0	4.5
1.9352737232743633e-06	-2.25	-7.0	5.5
1.288089385557189e-05	-2.25	-6.0	-8.5
4.034921130255638e-05	-2.25	-6.0	-7.5
0.00011806832310673097	-2.25	-6.0	-6.5
0.00017769455602947878	-2.25	-6.0	-5.5
0.0002865969362700917	-2.25	-6.0	-4.5
0.0005803911631253996	-2.25	-6.0	-3.5
0.0014210356877965222	-2.25	-6.0	-2.5
0.002342765764257009	-2.25	-6.0	-1.5
0.0026793843894504493	-2.25	-6.0	-0.5
0.0019471709661855845	-2.25	-6.0	0.5
0.00100978948913115	-2.25	-6.0	1.5
0.00035586902451816395	-2.25	-6.0	2.5
0.0001040065465305293	-2.25	-6.0	3.5
3.190686091180675e-05	-2.25	-6.0	4.5
5.674689098129177e-06	-2.25	-6.0	5.5
2.421709628114277e-05	-2.25	-5.0	-8.5
7.585969932975576e-05	-2.25	-5.0	-7.5
0.00022197775872455792	-2.25	-5.0	-6.5
0.00033407977895410964	-2.25	-5.0	-5.5
0.0005388248422318204	-2.25	-5.0	-4.5
0.0010911811583675381	-2.25	-5.0	-3.5
0.002671659160937975	-2.25	-5.0	-2.5
0.004404584395564688	-2.25	-5.0	-1.5
0.005037453957859013	-2.25	-5.0	-0.5
0.003660834977190991	-2.25	-5.0	0.5
0.0018984838751230674	-2.25	-5.0	1.5
0.0006690618311791146	-2.25	-5.0	2.5
0.00019554050980005969	-2.25	-5.0	3.5
5.998741480165304e-05	-2.25	-5.0	4.5
1.0668863030456522e-05	-2.25	-5.0	5.5
3.3123555873328454e-05	-2.25	-4.0	-8.5
0.0001037590535261517	-2.25	-4.0	-7.5
0.000303615784831911	-2.25	-4.0	-6.5
0.00045694620427934665	-2.25	-4.0	-5.5
0.0007369915269941224	-2.25	-4.0	-4.5
0.0014924910752101466	-2.25	-4.0	-3.5
0.0036542304851274634	-2.25	-4.0	-2.5
0.006024483514932491	-2.25	-4.0	-1.5
0.006890107124956633	-2.25	-4.0	-0.5
0.00500720113188974	-2.25	-4.0	0.5
0.0025967001155798603	-2.25	-4.0	1.5
0.0009151265160154481	-2.25	-4.0	2.5
0.00026745555811762936	-2.25	-4.0	3.5
8.204932840880299e-05	-2.25	-4.0	4.5
1.4592611624102563e-05	-2.25	-4.0	5.5
3.622804695115986e-05	-2.25	-3.0	-8.5
0.00011348382634788682	-2.25	-3.0	-7.5
0.000332072044138854	-2.25	-3.0	-6.5
0.000499773291433248	-2.25	-3.0	-5.5
0.0008060657419950823	-2.25	-3.0	-4.5
0.001632374161568752	-2.25	-3.0	-3.5
0.003996721671182537	-2.25	-3.0	-2.5
0.006589125650341335	-2.25	-3.0	-1.5
0.0075358794622181115	-2.25	-3.0	-0.5
0.005476498911944082	-2.25	-3.0	0.5
0.002840074720995115	-2.25	-3.0	1.5
0.0010008963565157102	-2.25	-3.0	2.5
0.00029252271567365676	-2.25	-3.0	3.5
8.973936654846701e-05	-2.25	-3.0	4.5
1.5960297894336717e-05	-2.25	-3.0	5.5
2.8067685529787726e-05	-2.25	-2.0	-8.5
8.792161374151994e-05	-2.25	-2.0	-7.5
0.00025727287260857276	-2.25	-2.0	-6.5
0.0003871994424387888	-2.25	-2.0	-5.5
0.0006244995705441595	-2.25	-2.0	-4.5
0.0012646821589811313	-2.25	-2.0	-3.5
0.0030964607937068946	-2.25	-2.0	-2.5
0.005104926216954614	-2.25	-2.0	-1.5
0.005838423893539535	-2.25	-2.0	-0.5
0.0042429184623696626	-2.25	-2.0	0.5
0.0022003483725594104	-2.25	-2.0	1.5
0.0007754446222416041	-2.25	-2.0	2.5
0.0002266320236615693	-2.25	-2.0	3.5
6.952558947823944e-05	-2.25	-2.0	4.5
1.23652435049534e-05	-2.25	-2.0	5.5
1.6244778116979845e-05	-2.25	-1.0	-8.5
5.0886529471837055e-05	-2.25	-1.0	-7.5
0.00014890222161741224	-2.25	-1.0	-6.5
0.00022410002501848625	-2.25	-1.0	-5.5
0.0003614425901584411	-2.25	-1.0	-4.5
0.0007319620650355378	-2.25	-1.0	-3.5
0.0017921434415499606	-2.25	-1.0	-2.5
0.0029545861061458247	-2.25	-1.0	-1.5
0.003379113700086428	-2.25	-1.0	-0.5
0.002455680533989286	-2.25	-1.0	0.5
0.001273499058351309	-2.25	-1.0	1.5
0.00044880529308165523	-2.25	-1.0	2.5
0.0001311681696973952	-2.25	-1.0	3.5
4.023943382604836e-05	-2.25	-1.0	4.5
7.156651263147928e-06	-2.25	-1.0	5.5
7.102637723198764e-06	-2.25	0.0	-8.5
2.224890861707446e-05	-2.25	0.0	-7.5
6.510390777344507e-05	-2.25	0.0	-6.5
9.79823350004616e-05	-2.25	0.0	-5.5
0.00015803206157347598	-2.25	0.0	-4.5
0.000320032772232067	-2.25	0.0	-3.5
0.0007835715281350064	-2.25	0.0	-2.5
0.0012918215676959814	-2.25	0.0	-1.5
0.0014774360267885089	-2.25	0.0	-0.5
0.0010736871301803834	-2.25	0.0	0.5
0.0005568067712078884	-2.25	0.0	1.5
0.00019622929793550693	-2.25	0.0	2.5
5.735012097221936e-05	-2.25	0.0	3.5
1.7593722647052515e-05	-2.25	0.0	4.5
3.1290732854197237e-06	-2.25	0.0	5.5
2.4071229704133456e-06	-2.25	1.0	-8.5
7.540277441416199e-06	-2.25	1.0	-7.5
2.20640722464659e-05	-2.25	1.0	-6.5
3.320675197947814e-05	-2.25	1.0	-5.5
5.35579344322761e-05	-2.25	1.0	-4.5
0.00010846086585673837	-2.25	1.0	-3.5
0.00026555669848893934	-2.25	1.0	-2.5
0.00043780543094853775	-2.25	1.0	-1.5
0.0005007111915314174	-2.25	1.0	-0.5
0.0003638784709028386	-2.25	1.0	0.5
0.00018870487575038168	-2.25	1.0	1.5
6.650318782075158e-05	-2.25	1.0	2.5
1.9436271273884054e-05	-2.25	1.0	3.5
5.962609324769083e-06	-2.25	1.0	4.5
1.0604601381877056e-06	-2.25	1.0	5.5
1.1456254375397173e-06	-2.25	2.0	-8.5
3.5886549001316454e-06	-2.25	2.0	-7.5
1.0500985089650362e-05	-2.25	2.0	-6.5
1.580413640406163e-05	-2.25	2.0	-5.5
2.5489903433210836e-05	-2.25	2.0	-4.5
5.161993318593342e-05	-2.25	2.0	-3.5
0.00012638677485004123	-2.25	2.0	-2.5
0.00020836535754613158	-2.25	2.0	-1.5
0.0002383041850914294	-2.25	2.0	-0.5
0.0001731811949631157	-2.25	2.0	0.5
8.981057823160825e-05	-2.25	2.0	1.5
3.1650956175226795e-05	-2.25	2.0	2.5
9.250332058632e-06	-2.25	2.0	3.5
2.8377930834975126e-06	-2.25	2.0	4.5
5.047062924234822e-07	-2.25	2.0	5.5
3.692478854485157e-07	-2.25	3.0	-8.5
1.1566635918313614e-06	-2.25	3.0	-7.5
3.3845848847480414e-06	-2.25	3.0	-6.5
5.093849837231247e-06	-2.25	3.0	-5.5
8.21568082776938e-06	-2.25	3.0	-4.5
1.6637681524279855e-05	-2.25	3.0	-3.5
4.0735870410015624e-05	-2.25	3.0	-2.5
6.715848405030346e-05	-2.25	3.0	-1.5
7.680810285385392e-05	-2.25	3.0	-0.5
5.5818235126575273e-05	-2.25	3.0	0.5
2.894695335514506e-05	-2.25	3.0	1.5
1.020145700083668e-05	-2.25	3.0	2.5
2.9814854318194772e-06	-2.25	3.0	3.5
9.146524344572718e-07	-2.25	3.0	4.5
1.6267248015210918e-07	-2.25	3.0	5.5
6.407610497038591e-07	-1.25	-9.0	-8.5
2.0071746013002885e-06	-1.25	-9.0	-7.5
5.873317760313494e-06	-1.25	-9.0	-6.5
8.839429276009265e-06	-1.25	-9.0	-5.5
1.4256786507630192e-05	-1.25	-9.0	-4.5
2.8871602785718582e-05	-1.25	-9.0	-3.5
7.0689528940204e-05	-1.25	-9.0	-2.5
0.00011654106206816003	-1.25	-9.0	-1.5
0.0001332861813158834	-1.25	-9.0	-0.5
9.68621685913705e-05	-1.25	-9.0	0.5
5.0232055344180305e-05	-1.25	-9.0	1.5
1.770273183399531e-05	-1.25	-9.0	2.5
5.173813609382962e-06	-1.25	-9.0	3.5
1.5872092356199775e-06	-1.25	-9.0	4.5
2.822878430666844e-07	-1.25	-9.0	5.5
3.341771223219192e-06	-1.25	-8.0	-8.5
1.0468049401101669e-05	-1.25	-8.0	-7.5
3.063120688329758e-05	-1.25	-8.0	-6.5
4.610041512027181e-05	-1.25	-8.0	-5.5
7.435364385646939e-05	-1.25	-8.0	-4.5
0.0001505745260298214	-1.25	-8.0	-3.5
0.00036866821680948264	-1.25	-8.0	-2.5
0.0006077984417479386	-1.25	-8.0	-1.5
0.0006951295266465574	-1.25	-8.0	-0.5
0.0005051667977740662	-1.25	-8.0	0.5
0.00026197603164224387	-1.25	-8.0	1.5
9.232533694511106e-05	-1.25	-8.0	2.5
2.6983071836414833e-05	-1.25	-8.0	3.5
8.277797396196236e-06	-1.25	-8.0	4.5
1.4722202466283583e-06	-1.25	-8.0	5.5
7.728027129953018e-06	-1.25	-7.0	-8.5
2.4207931772023627e-05	-1.25	-7.0	-7.5
7.083632660804696e-05	-1.25	-7.0	-6.5
0.0001066097093290425	-1.25	-7.0	-5.5
0.00017194683254831853	-1.25	-7.0	-4.5
0.00034821175493794464	-1.25	-7.0	-3.5
0.0008525652389544823	-1.25	-7.0	-2.5
0.0014055668487223515	-1.25	-7.0	-1.5
0.0016075247172608852	-1.25	-7.0	-0.5
0.0011682256077927234	-1.25	-7.0	0.5
0.0006058337763703631	-1.25	-7.0	1.5
0.00021350734716260762	-1.25	-7.0	2.5
6.239981652616185e-05	-1.25	-7.0	3.5
1.914285526477017e-05	-1.25	-7.0	4.5
3.4045891376879024e-06	-1.25	-7.0	5.5
2.2660438560697442e-05	-1.25	-6.0	-8.5
7.098349182488337e-05	-1.25	-6.0	-7.5
0.00020770918631297613	-1.25	-6.0	-6.5
0.00031260536843369846	-1.25	-6.0	-5.5
0.0005041895647034809	-1.25	-6.0	-4.5
0.0010210408097948665	-1.25	-6.0	-3.5
0.002499926810742424	-1.25	-6.0	-2.5
0.004121460844123563	-1.25	-6.0	-1.5
0.004713650001189148	-1.25	-6.0	-0.5
0.003425519109245334	-1.25	-6.0	0.5
0.0017764506822479788	-1.25	-6.0	1.5
0.0006260550126543335	-1.25	-6.0	2.5
0.00018297130494137896	-1.25	-6.0	3.5
5.6131466454399617e-05	-1.25	-6.0	4.5
9.983076104892456e-06	-1.25	-6.0	5.5
4.260341157612667e-05	-1.25	-5.0	-8.5
0.00013345456263901418	-1.25	-5.0	-7.5
0.0003905096509465676	-1.25	-5.0	-6.5
0.0005877227458159869	-1.25	-5.0	-5.5
0.0009479161438078287	-1.25	-5.0	-4.5
0.0019196372452896398	-1.25	-5.0	-3.5
0.0047000595572310585	-1.25	-5.0	-2.5
0.007748671419873983	-1.25	-5.0	-1.5
0.008862033737280436	-1.25	-5.0	-0.5
0.006440246073885963	-1.25	-5.0	0.5
0.00333986737978527	-1.25	-5.0	1.5
0.0011770327966939774	-1.25	-5.0	2.5
0.00034400048305149075	-1.25	-5.0	3.5
0.00010553158365946172	-1.25	-5.0	4.5
1.8768970377748882e-05	-1.25	-5.0	5.5
5.827191118842297e-05	-1.25	-4.0	-8.5
0.00018253590813718318	-1.25	-4.0	-7.5
0.0005341296120738813	-1.25	-4.0	-6.5
0.0008038728914093914	-1.25	-4.0	-5.5
0.0012965366693073665	-1.25	-4.0	-4.5
0.0026256331813152125	-1.25	-4.0	-3.5
0.006428627261689521	-1.25	-4.0	-2.5
0.010598444493121022	-1.25	-4.0	-1.5
0.012121274418713192	-1.25	-4.0	-0.5
0.008808812096620175	-1.25	-4.0	0.5
0.004568189450936274	-1.25	-4.0	1.5
0.0016099168601147107	-1.25	-4.0	2.5
0.00047051550229333845	-1.25	-4.0	3.5
0.0001443435359534386	-1.25	-4.0	4.5
2.5671741639657664e-05	-1.25	-4.0	5.5
6.373342108984964e-05	-1.25	-3.0	-8.5
0.00019964400789443293	-1.25	-3.0	-7.5
0.0005841906810433551	-1.25	-3.0	-6.5
0.0008792155336255458	-1.25	-3.0	-5.5
0.0014180540129566644	-1.25	-3.0	-4.5
0.002871719525916115	-1.25	-3.0	-3.5
0.007031147596551546	-1.25	-3.0	-2.5
0.011591779160860585	-1.25	-3.0	-1.5
0.013257335668560516	-1.25	-3.0	-0.5
0.009634414235014705	-1.25	-3.0	0.5
0.004996341049348891	-1.25	-3.0	1.5
0.0017608056278360805	-1.25	-3.0	2.5
0.0005146143660879474	-1.25	-3.0	3.5
0.00015787207199660278	-1.25	-3.0	4.5
2.8077814622204923e-05	-1.25	-3.0	5.5
4.9377478816317214e-05	-1.25	-2.0	-8.5
0.00015467422903149358	-1.25	-2.0	-7.5
0.000452601829379943	-1.25	-2.0	-6.5
0.0006811723840364591	-1.25	-2.0	-5.5
0.0010986375874354698	-1.25	-2.0	-4.5
0.002224865190547737	-1.25	-2.0	-3.5
0.005447382794871128	-1.25	-2.0	-2.5
0.00898073287407411	-1.25	-2.0	-1.5
0.010271123061357346	-1.25	-2.0	-0.5
0.0074642640652602356	-1.25	-2.0	0.5
0.0038709160767554044	-1.25	-2.0	1.5
0.0013641844592895255	-1.25	-2.0	2.5
0.000398697567548701	-1.25	-2.0	3.5
0.00012231141459848394	-1.25	-2.0	4.5
2.1753291648378323e-05	-1.25	-2.0	5.5
2.8578280403479075e-05	-1.25	-1.0	-8.5
8.952104470334426e-05	-1.25	-1.0	-7.5
0.00026195306648328225	-1.25	-1.0	-6.5
0.00039424320278716435	-1.25	-1.0	-5.5
0.0006358601894667239	-1.25	-1.0	-4.5
0.0012876886953248337	-1.25	-1.0	-3.5
0.003152790233702047	-1.25	-1.0	-2.5
0.005197792768212761	-1.25	-1.0	-1.5
0.005944633908872456	-1.25	-1.0	-0.5
0.0043201037512698515	-1.25	-1.0	0.5
0.002240376133244259	-1.25	-1.0	1.5
0.0007895511665281961	-1.25	-1.0	2.5
0.00023075481281613228	-1.25	-1.0	3.5
7.079036813411697e-05	-1.25	-1.0	4.5
1.259018652488548e-05	-1.25	-1.0	5.5
1.2495164353506095e-05	-1.25	0.0	-8.5
3.914091928812059e-05	-1.25	0.0	-7.5
0.00011453266510097834	-1.25	0.0	-6.5
0.0001723733389318467	-1.25	0.0	-5.5
0.0002780145432498104	-1.25	0.0	-4.5
0.0005630108479961893	-1.25	0.0	-3.5
0.001378481545637019	-1.25	0.0	-2.5
0.002272609618120245	-1.25	0.0	-1.5
0.002599147907574736	-1.25	0.0	-0.5
0.0018888612482696311	-1.25	0.0	0.5
0.0009795504699139127	-1.25	0.0	1.5
0.0003452122189294235	-1.25	0.0	2.5
0.0001008919805807874	-1.25	0.0	3.5
3.095138237825219e-05	-1.25	0.0	4.5
5.504755627304658e-06	-1.25	0.0	5.5
4.234679890285718e-06	-1.25	1.0	-8.5
1.3265072719927211e-05	-1.25	1.0	-7.5
3.8815749834282895e-05	-1.25	1.0	-6.5
5.8418272168727045e-05	-1.25	1.0	-5.5
9.422065706375398e-05	-1.25	1.0	-4.5
0.00019080747148021167	-1.25	1.0	-3.5
0.0004671749738770822	-1.25	1.0	-2.5
0.0007701998930188792	-1.25	1.0	-1.5
0.0008808655144257095	-1.25	1.0	-0.5
0.0006401454608592623	-1.25	1.0	0.5
0.00033197503923191175	-1.25	1.0	1.5
0.00011699431876389421	-1.25	1.0	2.5
3.419284686212824e-05	-1.25	1.0	3.5
1.0489593640034896e-05	-1.25	1.0	4.5
1.8655919439221485e-06	-1.25	1.0	5.5
2.015417185486022e-06	-1.25	2.0	-8.5
6.313264808466857e-06	-1.25	2.0	-7.5
1.847363468086409e-05	-1.25	2.0	-6.5
2.7803090841727933e-05	-1.25	2.0	-5.5
4.4842570487957806e-05	-1.25	2.0	-4.5
9.081126958911792e-05	-1.25	2.0	-3.5
0.00022234324562306587	-1.25	2.0	-2.5
0.00036656232368605584	-1.25	2.0	-1.5
0.0004192315692971491	-1.25	2.0	-0.5
0.0003046653339692173	-1.25	2.0	0.5
0.0001579973496356176	-1.25	2.0	1.5
5.5681271489230095e-05	-1.25	2.0	2.5
1.627344993530915e-05	-1.25	2.0	3.5
4.992327127107786e-06	-1.25	2.0	4.5
8.878938107010697e-07	-1.25	2.0	5.5
6.495914892004242e-07	-1.25	3.0	-8.5
2.0348358236608174e-06	-1.25	3.0	-7.5
5.954258974125601e-06	-1.25	3.0	-6.5
8.961246988621544e-06	-1.25	3.0	-5.5
1.4453261762687064e-05	-1.25	3.0	-4.5
2.9269487366383996e-05	-1.25	3.0	-3.5
7.166371363609908e-05	-1.25	3.0	-2.5
0.0001181471347186964	-1.25	3.0	-1.5
0.000135123021367853	-1.25	3.0	-0.5
9.819704298744608e-05	-1.25	3.0	0.5
5.092431203754502e-05	-1.25	3.0	1.5
1.794669626107193e-05	-1.25	3.0	2.5
5.2451148348012e-06	-1.25	3.0	3.5
1.609082842216398e-06	-1.25	3.0	4.5
2.861781009404554e-07	-1.25	3.0	5.5
7.100037293079646e-07	-0.25	-9.0	-8.5
2.22407628078216e-06	-0.25	-9.0	-7.5
6.5080071817108265e-06	-0.25	-9.0	-6.5
9.794646153696725e-06	-0.25	-9.0	-5.5
1.5797420259928676e-05	-0.25	-9.0	-4.5
3.1991560127495925e-05	-0.25	-9.0	-3.5
7.83284645559595e-05	-0.25	-9.0	-2.5
0.0001291348603729061	-0.25	-9.0	-1.5
0.00014768951053318813	-0.25	-9.0	-0.5
0.0001073294029974426	-0.25	-9.0	0.5
5.566029121410451e-05	-0.25	-9.0	1.5
1.96157454122477e-05	-0.25	-9.0	2.5
5.732912384583854e-06	-0.25	-9.0	3.5
1.7587281202611478e-06	-0.25	-9.0	4.5
3.127927663647441e-07	-0.25	-9.0	5.5
3.702893663833411e-06	-0.25	-8.0	-8.5
1.1599260156024163e-05	-0.25	-8.0	-7.5
3.394131264750953e-05	-0.25	-8.0	-6.5
5.1082172789943754e-05	-0.25	-8.0	-5.5
8.238853539884817e-05	-0.25	-8.0	-4.5
0.00016684608883352437	-0.25	-8.0	-3.5
0.0004085076783818645	-0.25	-8.0	-2.5
0.0006734790769633248	-0.25	-8.0	-1.5
0.0007702474370114065	-0.25	-8.0	-0.5
0.0005597567307000266	-0.25	-8.0	0.5
0.00029028599591261056	-0.25	-8.0	1.5
0.00010230230687545561	-0.25	-8.0	2.5
2.989894850957864e-05	-0.25	-8.0	3.5
9.172322544373424e-06	-0.25	-8.0	4.5
1.6313130549241789e-06	-0.25	-8.0	5.5
8.563142352356883e-06	-0.25	-7.0	-8.5
2.6823917972094593e-05	-0.25	-7.0	-7.5
7.849112564728269e-05	-0.25	-7.0	-6.5
0.00011813029402932887	-0.25	-7.0	-5.5
0.00019052795485684	-0.25	-7.0	-4.5
0.000385840626094665	-0.25	-7.0	-3.5
0.0009446961537624386	-0.25	-7.0	-2.5
0.0015574568785754691	-0.25	-7.0	-1.5
0.0017812389575450282	-0.25	-7.0	-0.5
0.0012944677873120444	-0.25	-7.0	0.5
0.0006713021035883585	-0.25	-7.0	1.5
0.00023657963103431866	-0.25	-7.0	2.5
6.914293941896706e-05	-0.25	-7.0	3.5
2.1211493167181457e-05	-0.25	-7.0	4.5
3.772499882190077e-06	-0.25	-7.0	5.5
2.5109197716192414e-05	-0.25	-6.0	-8.5
7.865419400611405e-05	-0.25	-6.0	-7.5
0.0002301549024584035	-0.25	-6.0	-6.5
0.00034638650007236775	-0.25	-6.0	-5.5
0.0005586738947117292	-0.25	-6.0	-4.5
0.0011313777313165755	-0.25	-6.0	-3.5
0.0027700768631995043	-0.25	-6.0	-2.5
0.004566839028178928	-0.25	-6.0	-1.5
0.005223022031447664	-0.25	-6.0	-0.5
0.0037956916131277707	-0.25	-6.0	0.5
0.001968419600271697	-0.25	-6.0	1.5
0.0006937085110618963	-0.25	-6.0	2.5
0.0002027437668453234	-0.25	-6.0	3.5
6.219721147620909e-05	-0.25	-6.0	4.5
1.1061879100976486e-05	-0.25	-6.0	5.5
4.7207271906230954e-05	-0.25	-5.0	-8.5
0.000147876087678325	-0.25	-5.0	-7.5
0.0004327093674482203	-0.25	-5.0	-6.5
0.0006512339373957338	-0.25	-5.0	-5.5
0.0010503509810495428	-0.25	-5.0	-4.5
0.00212707935930879	-0.25	-5.0	-3.5
0.005207962960835218	-0.25	-5.0	-2.5
0.008586017529990688	-0.25	-5.0	-1.5
0.009819693325039219	-0.25	-5.0	-0.5
0.007136199574292681	-0.25	-5.0	0.5
0.0037007840850150227	-0.25	-5.0	1.5
0.0013042267090934165	-0.25	-5.0	2.5
0.0003811742707569085	-0.25	-5.0	3.5
0.00011693566266648498	-0.25	-5.0	4.5
2.0797205088591645e-05	-0.25	-5.0	5.5
6.456895948466957e-05	-0.25	-4.0	-8.5
0.00020226131967589786	-0.25	-4.0	-7.5
0.0005918493589483053	-0.25	-4.0	-6.5
0.0008907419560755597	-0.25	-4.0	-5.5
0.0014366445507544613	-0.25	-4.0	-4.5
0.002909367464501968	-0.25	-4.0	-3.5
0.007123325196248925	-0.25	-4.0	-2.5
0.01174374615694445	-0.25	-4.0	-1.5
0.013431137933913286	-0.25	-4.0	-0.5
0.00976072038439912	-0.25	-4.0	0.5
0.005061842550899554	-0.25	-4.0	1.5
0.0017838896029736767	-0.25	-4.0	2.5
0.0005213609058788402	-0.25	-4.0	3.5
0.00015994175812622348	-0.25	-4.0	4.5
2.8445911795686557e-05	-0.25	-4.0	5.5
7.062065753881545e-05	-0.25	-3.0	-8.5
0.00022121817517551648	-0.25	-3.0	-7.5
0.0006473201864555278	-0.25	-3.0	-6.5
0.0009742263641464132	-0.25	-3.0	-5.5
0.0015712934455436715	-0.25	-3.0	-4.5
0.0031820466831891177	-0.25	-3.0	-3.5
0.00779095579728754	-0.25	-3.0	-2.5
0.01284442373226201	-0.25	-3.0	-1.5
0.014689965580329463	-0.25	-3.0	-0.5
0.01067553971908818	-0.25	-3.0	0.5
0.005536261574531872	-0.25	-3.0	1.5
0.001951083891456675	-0.25	-3.0	2.5
0.0005702252333327126	-0.25	-3.0	3.5
0.0001749322308573033	-0.25	-3.0	4.5
3.111199268712843e-05	-0.25	-3.0	5.5
5.471336642514883e-05	-0.25	-2.0	-8.5
0.00017138881879750638	-0.25	-2.0	-7.5
0.0005015114244223876	-0.25	-2.0	-6.5
0.0007547820411228255	-0.25	-2.0	-5.5
0.0012173598638643823	-0.25	-2.0	-4.5
0.002465291208362996	-0.25	-2.0	-3.5
0.006036044327466633	-0.25	-2.0	-2.5
0.0099512194685651	-0.25	-2.0	-1.5
0.011381053328873767	-0.25	-2.0	-0.5
0.008270876210911292	-0.25	-2.0	0.5
0.004289219595361962	-0.25	-2.0	1.5
0.0015116025763538216	-0.25	-2.0	2.5
0.00044178209639368936	-0.25	-2.0	3.5
0.00013552877557397074	-0.25	-2.0	4.5
2.410402161962029e-05	-0.25	-2.0	5.5
3.166654039451466e-05	-0.25	-1.0	-8.5
9.919497388347049e-05	-0.25	-1.0	-7.5
0.00029026054906543654	-0.25	-1.0	-6.5
0.00043684637879061304	-0.25	-1.0	-5.5
0.0007045732665062834	-0.25	-1.0	-4.5
0.0014268404365260423	-0.25	-1.0	-3.5
0.003493490786758571	-0.25	-1.0	-2.5
0.005759482807681035	-0.25	-1.0	-1.5
0.006587029980397086	-0.25	-1.0	-0.5
0.004786947920471342	-0.25	-1.0	0.5
0.0024824783129235852	-0.25	-1.0	1.5
0.0008748725799946152	-0.25	-1.0	2.5
0.0002556909127527895	-0.25	-1.0	3.5
7.844020075430007e-05	-0.25	-1.0	4.5
1.3950722175580047e-05	-0.25	-1.0	5.5
1.3845431605752988e-05	-0.25	0.0	-8.5
4.337061167490046e-05	-0.25	0.0	-7.5
0.00012690942963349266	-0.25	0.0	-6.5
0.00019100055087842811	-0.25	0.0	-5.5
0.00030805768016087167	-0.25	0.0	-4.5
0.0006238515931998083	-0.25	0.0	-3.5
0.0015274446513826483	-0.25	0.0	-2.5
0.002518195050826301	-0.25	0.0	-1.5
0.002880020107735867	-0.25	0.0	-0.5
0.0020929776100412963	-0.25	0.0	0.5
0.0010854038131775953	-0.25	0.0	1.5
0.00038251695067271515	-0.25	0.0	2.5
0.00011179468930380957	-0.25	0.0	3.5
3.429608732608256e-05	-0.25	0.0	4.5
6.099617050882942e-06	-0.25	0.0	5.5
4.692292885027707e-06	-0.25	1.0	-8.5
1.4698538722106323e-05	-0.25	1.0	-7.5
4.3010303374343655e-05	-0.25	1.0	-6.5
6.473113669860774e-05	-0.25	1.0	-5.5
0.00010440244132197172	-0.25	1.0	-4.5
0.00021142673449546523	-0.25	1.0	-3.5
0.000517659389323648	-0.25	1.0	-2.5
0.0008534301462436508	-0.25	1.0	-1.5
0.0009760546471263855	-0.25	1.0	-0.5
0.0007093216179724113	-0.25	1.0	0.5
0.0003678493191818549	-0.25	1.0	1.5
0.0001296370974306265	-0.25	1.0	2.5
3.788783478488171e-05	-0.25	1.0	3.5
1.1623132534026484e-05	-0.25	1.0	4.5
2.0671937505624e-06	-0.25	1.0	5.5
2.2332095848644082e-06	-0.25	2.0	-8.5
6.995496308946766e-06	-0.25	2.0	-7.5
2.0469954475772904e-05	-0.25	2.0	-6.5
3.0807581380045395e-05	-0.25	2.0	-5.5
4.968840146091915e-05	-0.25	2.0	-4.5
0.00010062462457926205	-0.25	2.0	-3.5
0.00024637036482129165	-0.25	2.0	-2.5
0.000406174215741075	-0.25	2.0	-1.5
0.00046453506776383195	-0.25	2.0	-0.5
0.0003375884401977533	-0.25	2.0	0.5
0.0001750710463969503	-0.25	2.0	1.5
6.169836700940863e-05	-0.25	2.0	2.5
1.8032010759886183e-05	-0.25	2.0	3.5
5.5318138950706225e-06	-0.25	2.0	4.5
9.838424434796334e-07	-0.25	2.0	5.5
7.197884142180216e-07	-0.25	3.0	-8.5
2.2547266629211332e-06	-0.25	3.0	-7.5
6.59769516085355e-06	-0.25	3.0	-6.5
9.929627876275616e-06	-0.25	3.0	-5.5
1.601512725674377e-05	-0.25	3.0	-4.5
3.2432441383054676e-05	-0.25	3.0	-3.5
7.94079227524899e-05	-0.25	3.0	-2.5
0.0001309144903487721	-0.25	3.0	-1.5
0.00014972484537079006	-0.25	3.0	-0.5
0.00010880852817181052	-0.25	3.0	0.5
5.64273553703208e-05	-0.25	3.0	1.5
1.9886073412245415e-05	-0.25	3.0	2.5
5.8119186474872775e-06	-0.25	3.0	3.5
1.782965458445252e-06	-0.25	3.0	4.5
3.171034178933033e-07	-0.25	3.0	5.5
4.1301242265038516e-07	0.75	-9.0	-8.5
1.2937553634829815e-06	0.75	-9.0	-7.5
3.7857375979762223e-06	0.75	-9.0	-6.5
5.697590547706694e-06	0.75	-9.0	-5.5
9.189431750645636e-06	0.75	-9.0	-4.5
1.8609637114865698e-05	0.75	-9.0	-3.5
4.556402674148427e-05	0.75	-9.0	-2.5
7.511833998846418e-05	0.75	-9.0	-1.5
8.591166500606344e-05	0.75	-9.0	-0.5
6.243400551825245e-05	0.75	-9.0	0.5
3.2377846440567104e-05	0.75	-9.0	1.5
1.141056898771802e-05	0.75	-9.0	2.5
3.3348614029213846e-06	0.75	-9.0	3.5
1.0230602062335764e-06	0.75	-9.0	4.5
1.819529854438043e-07	0.75	-9.0	5.5
2.1539902113010527e-06	0.75	-8.0	-8.5
6.7473427817921815e-06	0.75	-8.0	-7.5
1.974381708972922e-05	0.75	-8.0	-6.5
2.9714733975811512e-05	0.75	-8.0	-5.5
4.792578855446526e-05	0.75	-8.0	-4.5
9.705513438083046e-05	0.75	-8.0	-3.5
0.00023763078833998117	0.75	-8.0	-2.5
0.00039176586502170046	0.75	-8.0	-1.5
0.0004480564634644974	0.75	-8.0	-0.5
0.0003256130551125598	0.75	-8.0	0.5
0.0001688606939434032	0.75	-8.0	1.5
5.950972066940819e-05	0.75	-8.0	2.5
1.7392355348156162e-05	0.75	-8.0	3.5
5.335582052610942e-06	0.75	-8.0	4.5
9.48942278897799e-07	0.75	-8.0	5.5
4.981219143587055e-06	0.75	-7.0	-8.5
1.5603595994387573e-05	0.75	-7.0	-7.5
4.5658647443637245e-05	0.75	-7.0	-6.5
6.871693332232212e-05	0.75	-7.0	-5.5
0.00011083098435940002	0.75	-7.0	-4.5
0.00022444526016169393	0.75	-7.0	-3.5
0.0005495340813409848	0.75	-7.0	-2.5
0.0009059798026989681	0.75	-7.0	-1.5
0.0010361548634286394	0.75	-7.0	-0.5
0.0007529978432672912	0.75	-7.0	0.5
0.000390499509634361	0.75	-7.0	1.5
0.00013761945540547474	0.75	-7.0	2.5
4.0220764680251185e-05	0.75	-7.0	3.5
1.2338822768647437e-05	0.75	-7.0	4.5
2.1944804674621563e-06	0.75	-7.0	5.5
1.4606135364500281e-05	0.75	-6.0	-8.5
4.5753505055165855e-05	0.75	-6.0	-7.5
0.0001338821613540812	0.75	-6.0	-6.5
0.0002014946142715586	0.75	-6.0	-5.5
0.00032498316445649843	0.75	-6.0	-4.5
0.000658127610398896	0.75	-6.0	-3.5
0.0016113664041073833	0.75	-6.0	-2.5
0.002656551188429584	0.75	-6.0	-1.5
0.0030382558481307086	0.75	-6.0	-0.5
0.002207971203615569	0.75	-6.0	0.5
0.0011450387009841816	0.75	-6.0	1.5
0.00040353341953023924	0.75	-6.0	2.5
0.00011793697816723925	0.75	-6.0	3.5
3.6180402909891156e-05	0.75	-6.0	4.5
6.434745759734297e-06	0.75	-6.0	5.5
2.7460686376551405e-05	0.75	-5.0	-8.5
8.602019778630572e-05	0.75	-5.0	-7.5
0.00025170902176457124	0.75	-5.0	-6.5
0.000378825765405658	0.75	-5.0	-5.5
0.000610993978495451	0.75	-5.0	-4.5
0.0012373318098118018	0.75	-5.0	-3.5
0.0030294959177532	0.75	-5.0	-2.5
0.004994525739233116	0.75	-5.0	-1.5
0.005712160602045403	0.75	-5.0	-0.5
0.00415115999118486	0.75	-5.0	0.5
0.0021527630596360836	0.75	-5.0	1.5
0.0007586746527839239	0.75	-5.0	2.5
0.00022173081987998886	0.75	-5.0	3.5
6.802201078462897e-05	0.75	-5.0	4.5
1.209782949502009e-05	0.75	-5.0	5.5
3.756005959401205e-05	0.75	-4.0	-8.5
0.00011765633643816063	0.75	-4.0	-7.5
0.0003442814840163896	0.75	-4.0	-6.5
0.0005181486773227053	0.75	-4.0	-5.5
0.0008357027180306647	0.75	-4.0	-4.5
0.001692392385129247	0.75	-4.0	-3.5
0.004143670906485049	0.75	-4.0	-2.5
0.0068313909505776016	0.75	-4.0	-1.5
0.007812954479047394	0.75	-4.0	-0.5
0.005677855772254826	0.75	-4.0	0.5
0.0029444970057545005	0.75	-4.0	1.5
0.0010376967560200212	0.75	-4.0	2.5
0.0003032780278803583	0.75	-4.0	3.5
9.303885357202233e-05	0.75	-4.0	4.5
1.6547117233717725e-05	0.75	-4.0	5.5
4.108036008162721e-05	0.75	-3.0	-8.5
0.00012868362614459924	0.75	-3.0	-7.5
0.00037654911855052075	0.75	-3.0	-6.5
0.00056671194003188	0.75	-3.0	-5.5
0.00091402859710498	0.75	-3.0	-4.5
0.0018510111360844899	0.75	-3.0	-3.5
0.0045320346862630125	0.75	-3.0	-2.5
0.007471660139560518	0.75	-3.0	-1.5
0.008545220289048675	0.75	-3.0	-0.5
0.0062100103710420905	0.75	-3.0	0.5
0.003220468725639403	0.75	-3.0	1.5
0.0011349544397324378	0.75	-3.0	2.5
0.0003317026310617759	0.75	-3.0	3.5
0.00010175888024761793	0.75	-3.0	4.5
1.8097988704533182e-05	0.75	-3.0	5.5
3.182701595192237e-05	0.75	-2.0	-8.5
9.969766121614643e-05	0.75	-2.0	-7.5
0.00029173149356472304	0.75	-2.0	-6.5
0.00043906017181203537	0.75	-2.0	-5.5
0.0007081438108811516	0.75	-2.0	-4.5
0.001434071192128983	0.75	-2.0	-3.5
0.0035111946430788185	0.75	-2.0	-2.5
0.005788669962401064	0.75	-2.0	-1.5
0.006620410870592108	0.75	-2.0	-0.5
0.004811206589913881	0.75	-2.0	0.5
0.0024950586922784443	0.75	-2.0	1.5
0.0008793061449873885	0.75	-2.0	2.5
0.0002569866697643511	0.75	-2.0	3.5
7.883770975851702e-05	0.75	-2.0	4.5
1.402141982330143e-05	0.75	-2.0	5.5
1.8420571646915815e-05	0.75	-1.0	-8.5
5.7702170829843073e-05	0.75	-1.0	-7.5
0.0001688458913958019	0.75	-1.0	-6.5
0.0002541155402186632	0.75	-1.0	-5.5
0.00040985349755569414	0.75	-1.0	-4.5
0.0008299996198605083	0.75	-1.0	-3.5
0.002032179598200559	0.75	-1.0	-2.5
0.003350317539785495	0.75	-1.0	-1.5
0.0038317055220628143	0.75	-1.0	-0.5
0.0027845895396382313	0.75	-1.0	0.5
0.0014440690096050029	0.75	-1.0	1.5
0.0005089173885412656	0.75	-1.0	2.5
0.00014873657555101695	0.75	-1.0	3.5
4.5629024200046026e-05	0.75	-1.0	4.5
8.115199013214722e-06	0.75	-1.0	5.5
8.05395100629383e-06	0.75	0.0	-8.5
2.522888354000478e-05	0.75	0.0	-7.5
7.382379673018911e-05	0.75	0.0	-6.5
0.00011110589563064261	0.75	0.0	-5.5
0.00017919856410234753	0.75	0.0	-4.5
0.0003628973303181001	0.75	0.0	-3.5
0.0008885215526217151	0.75	0.0	-2.5
0.0014648455997008712	0.75	0.0	-1.5
0.001675320893225723	0.75	0.0	-0.5
0.0012174946660050904	0.75	0.0	0.5
0.0006313843715601114	0.75	0.0	1.5
0.00022251186293931449	0.75	0.0	2.5
6.503148302307874e-05	0.75	0.0	3.5
1.995019114587013e-05	0.75	0.0	4.5
3.5481751875870066e-06	0.75	0.0	5.5
2.729528271801316e-06	0.75	1.0	-8.5
8.550207324903313e-06	0.75	1.0	-7.5
2.501929055060026e-05	0.75	1.0	-6.5
3.765439882247296e-05	0.75	1.0	-5.5
6.0731378499984046e-05	0.75	1.0	-4.5
0.00012298790023559993	0.75	1.0	-3.5
0.00030112483873946384	0.75	1.0	-2.5
0.0004964442265768373	0.75	1.0	-1.5
0.0005677754606187153	0.75	1.0	-0.5
0.0004126156353609877	0.75	1.0	0.5
0.00021397963449244715	0.75	1.0	1.5
7.541049358624326e-05	0.75	1.0	2.5
2.2039527100419122e-05	0.75	1.0	3.5
6.761229453461883e-06	0.75	1.0	4.5
1.2024960768018538e-06	0.75	1.0	5.5
1.2990682483173877e-06	0.75	2.0	-8.5
4.069312257015945e-06	0.75	2.0	-7.5
1.190746631404662e-05	0.75	2.0	-6.5
1.792091125235828e-05	0.75	2.0	-5.5
2.890397080731073e-05	0.75	2.0	-4.5
5.853380519039524e-05	0.75	2.0	-3.5
0.00014331477011153137	0.75	2.0	-2.5
0.0002362734024296621	0.75	2.0	-1.5
0.00027022217746687667	0.75	2.0	-0.5
0.00019637674252885744	0.75	2.0	0.5
0.00010183962988309803	0.75	2.0	1.5
3.589022279779539e-05	0.75	2.0	2.5
1.0489303283600178e-05	0.75	2.0	3.5
3.217881490117058e-06	0.75	2.0	4.5
5.723056574419035e-07	0.75	2.0	5.5
4.187042186970232e-07	0.75	3.0	-8.5
1.3115848312165048e-06	0.75	3.0	-7.5
3.837909506403321e-06	0.75	3.0	-6.5
5.776110034231319e-06	0.75	3.0	-5.5
9.31607290824939e-06	0.75	3.0	-4.5
1.8866099761388622e-05	0.75	3.0	-3.5
4.6191952520597274e-05	0.75	3.0	-2.5
7.61535588998776e-05	0.75	3.0	-1.5
8.709562860721532e-05	0.75	3.0	-0.5
6.329441940968977e-05	0.75	3.0	0.5
3.282405117500696e-05	0.75	3.0	1.5
1.156782002398809e-05	0.75	3.0	2.5
3.3808197080673334e-06	0.75	3.0	3.5
1.0371591769133088e-06	0.75	3.0	4.5
1.84460511189827e-07	0.75	3.0	5.5
1.2002272139704165e-07	1.75	-9.0	-8.5
3.759694164906288e-07	1.75	-9.0	-7.5
1.1001473662423797e-06	1.75	-9.0	-6.5
1.6557379038467545e-06	1.75	-9.0	-5.5
2.670478044527268e-06	1.75	-9.0	-4.5
5.408019633899234e-06	1.75	-9.0	-3.5
1.3241050843523392e-05	1.75	-9.0	-2.5
2.1829628112362256e-05	1.75	-9.0	-1.5
2.496620263286192e-05	1.75	-9.0	-0.5
1.8143520240701862e-05	1.75	-9.0	0.5
9.409104980026099e-06	1.75	-9.0	1.5
3.3159475780560434e-06	1.75	-9.0	2.5
9.691213123615899e-07	1.75	-9.0	3.5
2.973045442972416e-07	1.75	-9.0	4.5
5.287611529730663e-08	1.75	-9.0	5.5
6.259563946380005e-07	1.75	-8.0	-8.5
1.9607992361888533e-06	1.75	-8.0	-7.5
5.7376159357818536e-06	1.75	-8.0	-6.5
8.6351960419966e-06	1.75	-8.0	-5.5
1.3927386325314802e-05	1.75	-8.0	-4.5
2.820453021531407e-05	1.75	-8.0	-3.5
6.905626160410199e-05	1.75	-8.0	-2.5
0.00011384840428921837	1.75	-8.0	-1.5
0.000130206630927577	1.75	-8.0	-0.5
9.462418768477662e-05	1.75	-8.0	0.5
4.907145381734997e-05	1.75	-8.0	1.5
1.7293713778595686e-05	1.75	-8.0	2.5
5.054273687445821e-06	1.75	-8.0	3.5
1.5505370857420176e-06	1.75	-8.0	4.5
2.7576563927820664e-07	1.75	-8.0	5.5
1.4475580992256191e-06	1.75	-7.0	-8.5
4.534454539668138e-06	1.75	-7.0	-7.5
1.3268547920003613e-05	1.75	-7.0	-6.5
1.9969359009779087e-05	1.75	-7.0	-5.5
3.2207835959424606e-05	1.75	-7.0	-4.5
6.522450524951154e-05	1.75	-7.0	-3.5
0.00015969634888876081	1.75	-7.0	-2.5
0.00026328060728268173	1.75	-7.0	-1.5
0.0003011098932555785	1.75	-7.0	-0.5
0.00021882356413174356	1.75	-7.0	0.5
0.00011348039739279398	1.75	-7.0	1.5
3.999265070272697e-05	1.75	-7.0	2.5
1.1688281922890629e-05	1.75	-7.0	3.5
3.5857010741356317e-06	1.75	-7.0	4.5
6.377229916409017e-07	1.75	-7.0	5.5
4.244589313539526e-06	1.75	-6.0	-8.5
1.3296113843100616e-05	1.75	-6.0	-7.5
3.890658118493686e-05	1.75	-6.0	-6.5
5.855497468218126e-05	1.75	-6.0	-5.5
9.444113946013025e-05	1.75	-6.0	-4.5
0.000191253973233325	1.75	-6.0	-3.5
0.00046826819335758047	1.75	-6.0	-2.5
0.0007720022102961472	1.75	-6.0	-1.5
0.000882926796373408	1.75	-6.0	-0.5
0.0006416434424021435	1.75	-6.0	0.5
0.0003327518821713261	1.75	-6.0	1.5
0.00011726809299310617	1.75	-6.0	2.5
3.427286032255219e-05	1.75	-6.0	3.5
1.0514139963684532e-05	1.75	-6.0	4.5
1.8699575490375737e-06	1.75	-6.0	5.5
7.98016265272086e-06	1.75	-5.0	-8.5
2.4997742603407774e-05	1.75	-5.0	-7.5
7.314744093773775e-05	1.75	-5.0	-6.5
0.00011008797025408784	1.75	-5.0	-5.5
0.0001775567901460099	1.75	-5.0	-4.5
0.0003595725526407498	1.75	-5.0	-3.5
0.000880381132791644	1.75	-5.0	-2.5
0.0014514250381707514	1.75	-5.0	-1.5
0.0016599720078996365	1.75	-5.0	-0.5
0.0012063402739783467	1.75	-5.0	0.5
0.0006255997804677745	1.75	-5.0	1.5
0.0002204732630019774	1.75	-5.0	2.5
6.443568028490319e-05	1.75	-5.0	3.5
1.9767412313844778e-05	1.75	-5.0	4.5
3.5156676636306387e-06	1.75	-5.0	5.5
1.0915072576701793e-05	1.75	-4.0	-8.5
3.419130494500341e-05	1.75	-4.0	-7.5
0.00010004929239922135	1.75	-4.0	-6.5
0.00015057565082780128	1.75	-4.0	-5.5
0.0002428578633380518	1.75	-4.0	-4.5
0.0004918146007118729	1.75	-4.0	-3.5
0.0012041639221856424	1.75	-4.0	-2.5
0.001985223900903123	1.75	-4.0	-1.5
0.002270469378884189	1.75	-4.0	-0.5
0.0016500029154396434	1.75	-4.0	0.5
0.0008556801790808462	1.75	-4.0	1.5
0.00030155797213836843	1.75	-4.0	2.5
8.813355785412119e-05	1.75	-4.0	3.5
2.7037386259995528e-05	1.75	-4.0	4.5
4.808644807635393e-06	1.75	-4.0	5.5
1.1938083075871606e-05	1.75	-3.0	-8.5
3.7395870346951895e-05	1.75	-3.0	-7.5
0.00010942636944929825	1.75	-3.0	-6.5
0.00016468828916654836	1.75	-3.0	-5.5
0.0002656196124931681	1.75	-3.0	-4.5
0.0005379097133771967	1.75	-3.0	-3.5
0.0013170236697009128	1.75	-3.0	-2.5
0.002171288160169865	1.75	-3.0	-1.5
0.0024832681483215927	1.75	-3.0	-0.5
0.0018046487315158946	1.75	-3.0	0.5
0.0009358784371299671	1.75	-3.0	1.5
0.00032982136383256526	1.75	-3.0	2.5
9.639383779091299e-05	1.75	-3.0	3.5
2.95714536992835e-05	1.75	-3.0	4.5
5.25933298129808e-06	1.75	-3.0	5.5
9.249031891058585e-06	1.75	-2.0	-8.5
2.8972456904066027e-05	1.75	-2.0	-7.5
8.47780983200626e-05	1.75	-2.0	-6.5
0.00012759228000882995	1.75	-2.0	-5.5
0.00020578883990221921	1.75	-2.0	-4.5
0.0004167456418184321	1.75	-2.0	-3.5
0.001020364311835164	1.75	-2.0	-2.5
0.0016822058709473993	1.75	-2.0	-1.5
0.0019239124197667316	1.75	-2.0	-0.5
0.0013981519113134746	1.75	-2.0	0.5
0.0007250719781523346	1.75	-2.0	1.5
0.0002555291576589328	1.75	-2.0	2.5
7.468114220377797e-05	1.75	-2.0	3.5
2.291048877708254e-05	1.75	-2.0	4.5
4.074669120709789e-06	1.75	-2.0	5.5
5.353076608602489e-06	1.75	-1.0	-8.5
1.6768434055982993e-05	1.75	-1.0	-7.5
4.906715215001679e-05	1.75	-1.0	-6.5
7.38467828415449e-05	1.75	-1.0	-5.5
0.00011910472773447533	1.75	-1.0	-4.5
0.00024120052490163367	1.75	-1.0	-3.5
0.000590557843704487	1.75	-1.0	-2.5
0.0009736129148097952	1.75	-1.0	-1.5
0.0011135057909368246	1.75	-1.0	-0.5
0.0008092105616978692	1.75	-1.0	0.5
0.00041965103932149604	1.75	-1.0	1.5
0.0001478930089972231	1.75	-1.0	2.5
4.322332111550373e-05	1.75	-1.0	3.5
1.3259939311357875e-05	1.75	-1.0	4.5
2.35830260018381e-06	1.75	-1.0	5.5
2.3405037349012203e-06	1.75	0.0	-8.5
7.331593662120033e-06	1.75	0.0	-7.5
2.1453429731143366e-05	1.75	0.0	-6.5
3.22877260477312e-05	1.75	0.0	-5.5
5.2075671709788735e-05	1.75	0.0	-4.5
0.00010545911644253279	1.75	0.0	-3.5
0.00025820718437773497	1.75	0.0	-2.5
0.0004256887823720673	1.75	0.0	-1.5
0.00048685357096022553	1.75	0.0	-0.5
0.000353807815664687	1.75	0.0	0.5
0.00018348230311308002	1.75	0.0	1.5
6.466265387786915e-05	1.75	0.0	2.5
1.889835545097531e-05	1.75	0.0	3.5
5.79758889176421e-06	1.75	0.0	4.5
1.0311109754878802e-06	1.75	0.0	5.5
7.932095824368843e-07	1.75	1.0	-8.5
2.4847173967755185e-06	1.75	1.0	-7.5
7.270685273910688e-06	1.75	1.0	-6.5
1.0942487856033382e-05	1.75	1.0	-5.5
1.7648731423103295e-05	1.75	1.0	-4.5
3.5740674313034006e-05	1.75	1.0	-3.5
8.750783425308687e-05	1.75	1.0	-2.5
0.000144268268526247	1.75	1.0	-1.5
0.00016499735162591608	1.75	1.0	-0.5
0.00011990741375088509	1.75	1.0	0.5
6.218316120013646e-05	1.75	1.0	1.5
2.1914528875507256e-05	1.75	1.0	2.5
6.404756554103341e-06	1.75	1.0	3.5
1.9648347470682816e-06	1.75	1.0	4.5
3.4944917801951234e-07	1.75	1.0	5.5
3.7751335769269354e-07	1.75	2.0	-8.5
1.1825550625503348e-06	1.75	2.0	-7.5
3.4603475188088105e-06	1.75	2.0	-6.5
5.207873711449248e-06	1.75	2.0	-5.5
8.399585690938648e-06	1.75	2.0	-4.5
1.7010109641720163e-05	1.75	2.0	-3.5
4.1647727239764085e-05	1.75	2.0	-2.5
6.86618009486645e-05	1.75	2.0	-1.5
7.852742276680438e-05	1.75	2.0	-0.5
5.706770490376111e-05	1.75	2.0	0.5
2.959491979974592e-05	1.75	2.0	1.5
1.0429812701745212e-05	1.75	2.0	2.5
3.0482248392860645e-06	1.75	2.0	3.5
9.351265782723225e-07	1.75	2.0	4.5
1.66313841206772e-07	1.75	2.0	5.5
1.2167677540047947e-07	1.75	3.0	-8.5
3.8115071642515797e-07	1.75	3.0	-7.5
1.1153086884847333e-06	1.75	3.0	-6.5
1.6785559159416626e-06	1.75	3.0	-5.5
2.707280367031113e-06	1.75	3.0	-4.5
5.482548493285203e-06	1.75	3.0	-3.5
1.3423528068689806e-05	1.75	3.0	-2.5
2.2130466014990428e-05	1.75	3.0	-1.5
2.5310266214614226e-05	1.75	3.0	-0.5
1.8393559249493474e-05	1.75	3.0	0.5
9.538773492619602e-06	1.75	3.0	1.5
3.3616452284911612e-06	1.75	3.0	2.5
9.82476941761342e-07	1.75	3.0	3.5
3.0140174994306555e-07	1.75	3.0	4.5
5.3604810240861754e-08	1.75	3.0	5.5
3.570469909273956e-08	2.75	-9.0	-8.5
1.1184444684822527e-07	2.75	-9.0	-7.5
3.2727495437644946e-07	2.75	-9.0	-6.5
4.925536010613143e-07	2.75	-9.0	-5.5
7.944213720850011e-07	2.75	-9.0	-4.5
1.6087929974295608e-06	2.75	-9.0	-3.5
3.938985306588132e-06	2.75	-9.0	-2.5
6.493939597319562e-06	2.75	-9.0	-1.5
7.4270166691676825e-06	2.75	-9.0	-0.5
5.3973857877651575e-06	2.75	-9.0	0.5
2.799047198175842e-06	2.75	-9.0	1.5
9.864374770351422e-07	2.75	-9.0	2.5
2.8829695277251323e-07	2.75	-9.0	3.5
8.844299787139069e-08	2.75	-9.0	4.5
1.572973653578455e-08	2.75	-9.0	5.5
1.8621128112728177e-07	2.75	-8.0	-8.5
5.833041102092706e-07	2.75	-8.0	-7.5
1.7068422388050252e-06	2.75	-8.0	-6.5
2.568822575405324e-06	2.75	-8.0	-5.5
4.1431583295690676e-06	2.75	-8.0	-4.5
8.39036353007316e-06	2.75	-8.0	-3.5
2.0543052284971264e-05	2.75	-8.0	-2.5
3.3867945752438955e-05	2.75	-8.0	-1.5
3.8734237343022974e-05	2.75	-8.0	-0.5
2.8149071349611445e-05	2.75	-8.0	0.5
1.4597915063063487e-05	2.75	-8.0	1.5
5.14458295457332e-06	2.75	-8.0	2.5
1.50355965138991e-06	2.75	-8.0	3.5
4.612581637389587e-07	2.75	-8.0	4.5
8.20355434032678e-08	2.75	-8.0	5.5
4.3062368317023255e-07	2.75	-7.0	-8.5
1.3489223790633721e-06	2.75	-7.0	-7.5
3.94716521477742e-06	2.75	-7.0	-6.5
5.940541475979431e-06	2.75	-7.0	-5.5
9.581278261100294e-06	2.75	-7.0	-4.5
1.940317055220531e-05	2.75	-7.0	-3.5
4.7506922163680414e-05	2.75	-7.0	-2.5
7.832146072479897e-05	2.75	-7.0	-1.5
8.957502385712737e-05	2.75	-7.0	-0.5
6.509625361583642e-05	2.75	-7.0	0.5
3.37584700186117e-05	2.75	-7.0	1.5
1.1897126999297497e-05	2.75	-7.0	2.5
3.4770632102848117e-06	2.75	-7.0	3.5
1.066684511051933e-06	2.75	-7.0	4.5
1.8971164172937416e-07	2.75	-7.0	5.5
1.2626924506306202e-06	2.75	-6.0	-8.5
3.955365603653257e-06	2.75	-6.0	-7.5
1.1574039963150285e-05	2.75	-6.0	-6.5
1.7419099709413825e-05	2.75	-6.0	-5.5
2.809461764530958e-05	2.75	-6.0	-4.5
5.6894773632045376e-05	2.75	-6.0	-3.5
0.0001393017484016597	2.75	-6.0	-2.5
0.00022965740400411537	2.75	-6.0	-1.5
0.0002626555640339454	2.75	-6.0	-0.5
0.0001908779085254334	2.75	-6.0	0.5
9.898797233706757e-05	2.75	-6.0	1.5
3.488524443340491e-05	2.75	-6.0	2.5
1.0195587557260476e-05	2.75	-6.0	3.5
3.127776134824059e-06	2.75	-6.0	4.5
5.562802678312625e-07	2.75	-6.0	5.5
2.373961387560569e-06	2.75	-5.0	-8.5
7.436399268934006e-06	2.75	-5.0	-7.5
2.1760107900288278e-05	2.75	-5.0	-6.5
3.274928118526691e-05	2.75	-5.0	-5.5
5.2820096813704195e-05	2.75	-5.0	-4.5
0.00010696666135052882	2.75	-5.0	-3.5
0.00026189827282174604	2.75	-5.0	-2.5
0.0004317740311196779	2.75	-5.0	-1.5
0.0004938131743269077	2.75	-5.0	-0.5
0.0003588655213321259	2.75	-5.0	0.5
0.00018610519453391076	2.75	-5.0	1.5
6.558701070807465e-05	2.75	-5.0	2.5
1.916850866760255e-05	2.75	-5.0	3.5
5.880465800914082e-06	2.75	-5.0	4.5
1.0458507737444173e-06	2.75	-5.0	5.5
3.2470467040764566e-06	2.75	-4.0	-8.5
1.0171326232563954e-05	2.75	-4.0	-7.5
2.97629468651905e-05	2.75	-4.0	-6.5
4.479367107262226e-05	2.75	-4.0	-5.5
7.224604501431122e-05	2.75	-4.0	-4.5
0.0001463064003501765	2.75	-4.0	-3.5
0.00035821809403691084	2.75	-4.0	-2.5
0.0005905700286446574	2.75	-4.0	-1.5
0.0006754256613143033	2.75	-4.0	-0.5
0.0004908475404671799	2.75	-4.0	0.5
0.0002545501631531591	2.75	-4.0	1.5
8.970831963224067e-05	2.75	-4.0	2.5
2.621822040465342e-05	2.75	-4.0	3.5
8.043158240628809e-06	2.75	-4.0	4.5
1.4304892765472495e-06	2.75	-4.0	5.5
3.55137476476707e-06	2.75	-3.0	-8.5
1.1124629424391055e-05	2.75	-3.0	-7.5
3.25524663040547e-05	2.75	-3.0	-6.5
4.8991938695822846e-05	2.75	-3.0	-5.5
7.901727461940728e-05	2.75	-3.0	-4.5
0.0001600189050176626	2.75	-3.0	-3.5
0.00039179193137213567	2.75	-3.0	-2.5
0.0006459209514674776	2.75	-3.0	-1.5
0.0007387296419408835	2.75	-3.0	-0.5
0.0005368520158255414	2.75	-3.0	0.5
0.0002784077680972536	2.75	-3.0	1.5
9.811619344176092e-05	2.75	-3.0	2.5
2.8675511875235045e-05	2.75	-3.0	3.5
8.796999799521476e-06	2.75	-3.0	4.5
1.5645612708994725e-06	2.75	-3.0	5.5
2.7514282023065205e-06	2.75	-2.0	-8.5
8.618808536385508e-06	2.75	-2.0	-7.5
2.5220028799039826e-05	2.75	-2.0	-6.5
3.795651282727981e-05	2.75	-2.0	-5.5
6.121864693474446e-05	2.75	-2.0	-4.5
0.0001239746738462514	2.75	-2.0	-3.5
0.0003035408653876997	2.75	-2.0	-2.5
0.0005004273668776952	2.75	-2.0	-1.5
0.0005723309155881941	2.75	-2.0	-0.5
0.0004159261904606068	2.75	-2.0	0.5
0.0002156964656289208	2.75	-2.0	1.5
7.601553753686408e-05	2.75	-2.0	2.5
2.221635769669949e-05	2.75	-2.0	3.5
6.815477089102908e-06	2.75	-2.0	4.5
1.2121441104151352e-06	2.75	-2.0	5.5
1.5924483906531854e-06	2.75	-1.0	-8.5
4.988321254979277e-06	2.75	-1.0	-7.5
1.4596635390881913e-05	2.75	-1.0	-6.5
2.1968150110527592e-05	2.75	-1.0	-5.5
3.543161173803323e-05	2.75	-1.0	-4.5
7.17530152822875e-05	2.75	-1.0	-3.5
0.00017568081993886162	2.75	-1.0	-2.5
0.00028963312739004136	2.75	-1.0	-1.5
0.000331248856388639	2.75	-1.0	-0.5
0.0002407262497615833	2.75	-1.0	0.5
0.000124838979724207	2.75	-1.0	1.5
4.399563118301222e-05	2.75	-1.0	2.5
1.28581959836811e-05	2.75	-1.0	3.5
3.9446043014959544e-06	2.75	-1.0	4.5
7.015545367501029e-07	2.75	-1.0	5.5
6.962596798954178e-07	2.75	0.0	-8.5
2.1810232473422688e-06	2.75	0.0	-7.5
6.382027037395491e-06	2.75	0.0	-6.5
9.605044190836571e-06	2.75	0.0	-5.5
1.549161831033208e-05	2.75	0.0	-4.5
3.1372276643442485e-05	2.75	0.0	-3.5
7.681220450995194e-05	2.75	0.0	-2.5
0.0001266351046271476	2.75	0.0	-1.5
0.00014483057916889587	2.75	0.0	-0.5
0.00010525175106784808	2.75	0.0	0.5
5.4582835193543834e-05	2.75	0.0	1.5
1.9236029414878716e-05	2.75	0.0	2.5
5.621936303981683e-06	2.75	0.0	3.5
1.724683163607659e-06	2.75	0.0	4.5
3.0673781332809664e-07	2.75	0.0	5.5
2.3596623313262597e-07	2.75	1.0	-8.5
7.391607684755576e-07	2.75	1.0	-7.5
2.162904047511394e-06	2.75	1.0	-6.5
3.255202279018302e-06	2.75	1.0	-5.5
5.25019460895187e-06	2.75	1.0	-4.5
1.0632237020330877e-05	2.75	1.0	-3.5
2.6032078375626685e-05	2.75	1.0	-2.5
4.291733312161977e-05	2.75	1.0	-1.5
4.908387947157048e-05	2.75	1.0	-0.5
3.5670397047583514e-05	2.75	1.0	0.5
1.8498422910621614e-05	2.75	1.0	1.5
6.519196116798138e-06	2.75	1.0	2.5
1.9053051194367258e-06	2.75	1.0	3.5
5.845046054151644e-07	2.75	1.0	4.5
1.0395513119651194e-07	2.75	1.0	5.5
1.1230374284980686e-07	2.75	2.0	-8.5
3.517898292714118e-07	2.75	2.0	-7.5
1.0293939803836327e-06	2.75	2.0	-6.5
1.5492530215605275e-06	2.75	2.0	-5.5
2.498732540870694e-06	2.75	2.0	-4.5
5.0602155927044e-06	2.75	2.0	-3.5
1.2389483855087139e-05	2.75	2.0	-2.5
2.0425707011989747e-05	2.75	2.0	-1.5
2.336056013212682e-05	2.75	2.0	-0.5
1.6976662483444328e-05	2.75	2.0	0.5
8.80398056154835e-06	2.75	2.0	1.5
3.1026902221084328e-06	2.75	2.0	2.5
9.06794558454379e-07	2.75	2.0	3.5
2.781841029948468e-07	2.75	2.0	4.5
4.947551252068034e-08	2.75	2.0	5.5
3.619675176233803e-08	2.75	3.0	-8.5
1.1338579462736464e-07	2.75	3.0	-7.5
3.3178518745740535e-07	2.75	3.0	-6.5
4.993415679250889e-07	2.75	3.0	-5.5
8.053694312159627e-07	2.75	3.0	-4.5
1.6309640536023184e-06	2.75	3.0	-3.5
3.993269148347492e-06	2.75	3.0	-2.5
6.583433708634508e-06	2.75	3.0	-1.5
7.529369677933395e-06	2.75	3.0	-0.5
5.471768100267624e-06	2.75	3.0	0.5
2.837621354552771e-06	2.75	3.0	1.5
1.0000317435126834e-06	2.75	3.0	2.5
2.922700232325207e-07	2.75	3.0	3.5
8.96618462111253e-08	2.75	3.0	4.5
1.594651077142255e-08	2.75	3.0	5.5
1.1517328933389644e-08	3.75	-9.0	-8.5
3.607786415950965e-08	3.75	-9.0	-7.5
1.0556967001523168e-07	3.75	-9.0	-6.5
1.58883900015903e-07	3.75	-9.0	-5.5
2.5625792925050105e-07	3.75	-9.0	-4.5
5.18951247537553e-07	3.75	-9.0	-3.5
1.2706055671251778e-06	3.75	-9.0	-2.5
2.094761762916024e-06	3.75	-9.0	-1.5
2.395746110347876e-06	3.75	-9.0	-0.5
1.7410444305000304e-06	3.75	-9.0	0.5
9.028936834823863e-07	3.75	-9.0	1.5
3.181969092003068e-07	3.75	-9.0	2.5
9.299646600999164e-08	3.75	-9.0	3.5
2.852921672002051e-08	3.75	-9.0	4.5
5.073969374384865e-09	3.75	-9.0	5.5
6.00665075003224e-08	3.75	-8.0	-8.5
1.881574547940789e-07	3.75	-8.0	-7.5
5.50579167483255e-07	3.75	-8.0	-6.5
8.286297132938576e-07	3.75	-8.0	-5.5
1.33646602596529e-06	3.75	-8.0	-4.5
2.706494638018647e-06	3.75	-8.0	-3.5
6.626609283200705e-06	3.75	-8.0	-2.5
1.0924844108498742e-05	3.75	-8.0	-1.5
1.249457252965048e-05	3.75	-8.0	-0.5
9.08009651785176e-06	3.75	-8.0	0.5
4.708875688499336e-06	3.75	-8.0	1.5
1.6594973664118951e-06	3.75	-8.0	2.5
4.850059380433657e-07	3.75	-8.0	3.5
1.487888745734636e-07	3.75	-8.0	4.5
2.64623526206086e-08	3.75	-8.0	5.5
1.3890705513851707e-07	3.75	-7.0	-8.5
4.3512431528774776e-07	3.75	-7.0	-7.5
1.2732441748058154e-06	3.75	-7.0	-6.5
1.916251136680548e-06	3.75	-7.0	-5.5
3.0906501424028837e-06	3.75	-7.0	-4.5
6.258915584751438e-06	3.75	-7.0	-3.5
1.532439323325114e-05	3.75	-7.0	-2.5
2.5264294298295813e-05	3.75	-7.0	-1.5
2.8894376376036916e-05	3.75	-7.0	-0.5
2.099821548075725e-05	3.75	-7.0	0.5
1.0889530324354033e-05	3.75	-7.0	1.5
3.8376776305358475e-06	3.75	-7.0	2.5
1.1216025266316073e-06	3.75	-7.0	3.5
3.4408233913488445e-07	3.75	-7.0	4.5
6.119562510848547e-08	3.75	-7.0	5.5
4.073089723525485e-07	3.75	-6.0	-8.5
1.2758893889783093e-06	3.75	-6.0	-7.5
3.733458864827834e-06	3.75	-6.0	-6.5
5.618910288411499e-06	3.75	-6.0	-5.5
9.062531288623612e-06	3.75	-6.0	-4.5
1.8352649347610912e-05	3.75	-6.0	-3.5
4.493481525137532e-05	3.75	-6.0	-2.5
7.408100141198541e-05	3.75	-6.0	-1.5
8.472527717728559e-05	3.75	-6.0	-0.5
6.157182988420466e-05	3.75	-6.0	0.5
3.1930728078509796e-05	3.75	-6.0	1.5
1.1252995971696234e-05	3.75	-6.0	2.5
3.2888089957330506e-06	3.75	-6.0	3.5
1.0089323671712463e-06	3.75	-6.0	4.5
1.794403254071831e-07	3.75	-6.0	5.5
7.657729898432618e-07	3.75	-5.0	-8.5
2.3987726724112737e-06	3.75	-5.0	-7.5
7.01919709959503e-06	3.75	-5.0	-6.5
1.0563994469273852e-05	3.75	-5.0	-5.5
1.703827352575625e-05	3.75	-5.0	-4.5
3.450442812809071e-05	3.75	-5.0	-3.5
8.448099639041742e-05	3.75	-5.0	-2.5
0.00013927812494328427	3.75	-5.0	-1.5
0.0001592902028271342	3.75	-5.0	-0.5
0.00011575989595372114	3.75	-5.0	0.5
6.003228695730361e-05	3.75	-5.0	1.5
2.1156519877694485e-05	3.75	-5.0	2.5
6.183220279041701e-06	3.75	-5.0	3.5
1.896872418242791e-06	3.75	-5.0	4.5
3.373619630617171e-07	3.75	-5.0	5.5
1.0474056889764374e-06	3.75	-4.0	-8.5
3.280982976637809e-06	3.75	-4.0	-7.5
9.600687242400046e-06	3.75	-4.0	-6.5
1.444917495418295e-05	3.75	-4.0	-5.5
2.3304536537474937e-05	3.75	-4.0	-4.5
4.71943184149626e-05	3.75	-4.0	-3.5
0.00011555105416793605	3.75	-4.0	-2.5
0.0001905012351577271	3.75	-4.0	-1.5
0.0002178732690395623	3.75	-4.0	-0.5
0.0001583335729849455	3.75	-4.0	0.5
8.211070345301116e-05	3.75	-4.0	1.5
2.893737383369434e-05	3.75	-4.0	2.5
8.457258459570803e-06	3.75	-4.0	3.5
2.5944960040137327e-06	3.75	-4.0	4.5
4.614354959521696e-07	3.75	-4.0	5.5
1.1455733382690513e-06	3.75	-3.0	-8.5
3.588491699929518e-06	3.75	-3.0	-7.5
1.0500507539443708e-05	3.75	-3.0	-6.5
1.580341768400429e-05	3.75	-3.0	-5.5
2.548874423637852e-05	3.75	-3.0	-4.5
5.161758568143266e-05	3.75	-3.0	-3.5
0.000126381027195899	3.75	-3.0	-2.5
0.00020835588177612466	3.75	-3.0	-1.5
0.0002382933478021784	3.75	-3.0	-0.5
0.00017317331925290974	3.75	-3.0	0.5
8.98064939423889e-05	3.75	-3.0	1.5
3.16495167940132e-05	3.75	-3.0	2.5
9.249911384004953e-06	3.75	-3.0	3.5
2.8376640300171106e-06	3.75	-3.0	4.5
5.046833400440446e-07	3.75	-3.0	5.5
8.875331384325553e-07	3.75	-2.0	-8.5
2.7801845541290067e-06	3.75	-2.0	-7.5
8.135269999997484e-06	3.75	-2.0	-6.5
1.2243700535347731e-05	3.75	-2.0	-5.5
1.974740892713118e-05	3.75	-2.0	-4.5
3.999073327542274e-05	3.75	-2.0	-3.5
9.79137222894782e-05	3.75	-2.0	-2.5
0.0001614237548012968	3.75	-2.0	-1.5
0.00018461781169072232	3.75	-2.0	-0.5
0.00013416605850966504	3.75	-2.0	0.5
6.957759643808395e-05	3.75	-2.0	1.5
2.452046851274321e-05	3.75	-2.0	2.5
7.166370416121552e-06	3.75	-2.0	3.5
2.1984806893146765e-06	3.75	-2.0	4.5
3.910035034341166e-07	3.75	-2.0	5.5
5.136789383649852e-07	3.75	-1.0	-8.5
1.609091749234153e-06	3.75	-1.0	-7.5
4.708462902344667e-06	3.75	-1.0	-6.5
7.086305649120456e-06	3.75	-1.0	-5.5
1.1429238654753417e-05	3.75	-1.0	-4.5
2.3145499051039073e-05	3.75	-1.0	-3.5
5.666967771575238e-05	3.75	-1.0	-2.5
9.342747825693836e-05	3.75	-1.0	-1.5
0.00010685153872681405	3.75	-1.0	-0.5
7.76514988742546e-05	3.75	-1.0	0.5
4.026953397528639e-05	3.75	-1.0	1.5
1.4191749793233369e-05	3.75	-1.0	2.5
4.147691379484526e-06	3.75	-1.0	3.5
1.2724180964076777e-06	3.75	-1.0	4.5
2.2630170733201273e-07	3.75	-1.0	5.5
2.245937358436598e-07	3.75	0.0	-8.5
7.03536587320478e-07	3.75	0.0	-7.5
2.0586619273992675e-06	3.75	0.0	-6.5
3.098316361055773e-06	3.75	0.0	-5.5
4.997159150597577e-06	3.75	0.0	-4.5
1.011981164029187e-05	3.75	0.0	-3.5
2.4777450809543646e-05	3.75	0.0	-2.5
4.084891321214504e-05	3.75	0.0	-1.5
4.6718260125057307e-05	3.75	0.0	-0.5
3.395124643719942e-05	3.75	0.0	0.5
1.7606883211876018e-05	3.75	0.0	1.5
6.205000567798315e-06	3.75	0.0	2.5
1.8134780939433414e-06	3.75	0.0	3.5
5.563341466498373e-07	3.75	0.0	4.5
9.894496753024713e-08	3.75	0.0	5.5
7.611605175840832e-08	3.75	1.0	-8.5
2.3843241706302987e-07	3.75	1.0	-7.5
6.976918444780872e-07	3.75	1.0	-6.5
1.0500364474377302e-06	3.75	1.0	-5.5
1.6935647075066296e-06	3.75	1.0	-4.5
3.4296597975198776e-06	3.75	1.0	-3.5
8.397214290844971e-06	3.75	1.0	-2.5
1.3843921250300246e-05	3.75	1.0	-1.5
1.5833075185217954e-05	3.75	1.0	-0.5
1.1506264061056622e-05	3.75	1.0	0.5
5.96706951253662e-06	3.75	1.0	1.5
2.102908803780079e-06	3.75	1.0	2.5
6.145976954469353e-07	3.75	1.0	3.5
1.8854470068945316e-07	3.75	1.0	4.5
3.35329934357959e-08	3.75	1.0	5.5
3.622602009591079e-08	3.75	2.0	-8.5
1.1347747725351173e-07	3.75	2.0	-7.5
3.320534656610619e-07	3.75	2.0	-6.5
4.997453305519879e-07	3.75	2.0	-5.5
8.06020644930301e-07	3.75	2.0	-4.5
1.6322828349194774e-06	3.75	2.0	-3.5
3.996498066075995e-06	3.75	2.0	-2.5
6.588757007672599e-06	3.75	2.0	-1.5
7.535457851390872e-06	3.75	2.0	-0.5
5.476192517548018e-06	3.75	2.0	0.5
2.839915826965753e-06	3.75	2.0	1.5
1.0008403592372283e-06	3.75	2.0	2.5
2.9250634986728207e-07	3.75	2.0	3.5
8.973434588846891e-08	3.75	2.0	4.5
1.595940496147706e-08	3.75	2.0	5.5
1.1676051247043607e-08	3.75	3.0	-8.5
3.6575059481811297e-08	3.75	3.0	-7.5
1.0702454400323816e-07	3.75	3.0	-6.5
1.610735066824087e-07	3.75	3.0	-5.5
2.59789464353653e-07	3.75	3.0	-4.5
5.26103004959708e-07	3.75	3.0	-3.5
1.288116003487818e-06	3.75	3.0	-2.5
2.1236300391879626e-06	3.75	3.0	-1.5
2.4287623042727967e-06	3.75	3.0	-0.5
1.7650380666791773e-06	3.75	3.0	0.5
9.153366184072028e-07	3.75	3.0	1.5
3.225820361614197e-07	3.75	3.0	2.5
9.427806648629269e-08	3.75	3.0	3.5
2.8922382818751032e-08	3.75	3.0	4.5
5.1438946290311e-09	3.75	3.0	5.5
