0-2	0,05024100559186201	0.05024100559186201
10-10	0,0	0.0
3-3	0,0282434796839195	0.0282434796839195
5-10	0,0	0.0
8-10	0,0	0.0
9-7	0,0	0.0
3-9	0,0	0.0
3-0	0,016888137091433685	0.016888137091433685
8-2	0,0	0.0
9-0	0,0	0.0
7-1	0,0	0.0
0-5	0,0012864990288791438	0.0012864990288791438
5-8	0,00013709574014989922	0.00013709574014989922
4-6	0,0012666053990005002	0.0012666053990005002
7-7	0,0	0.0
0-4	0,008314630833122021	0.008314630833122021
3-6	0,005433435606415254	0.005433435606415254
1-6	0,009855762323333	0.009855762323333
5-6	0,0005895515782303245	0.0005895515782303245
9-5	0,0	0.0
2-6	0,012803720538585563	0.012803720538585563
1-2	0,10079827199377299	0.10079827199377299
6-0	0,0005032614719840113	0.0005032614719840113
4-5	0,00033170753692964846	0.00033170753692964846
6-7	4,2403379118316995e-05	4.2403379118316995e-05
4-8	0,0002945394619671297	0.0002945394619671297
9-1	0,0	0.0
1-7	0,0025810964073077728	0.0025810964073077728
7-0	0,0	0.0
2-5	0,003353128454008818	0.003353128454008818
9-2	0,0	0.0
1-10	0,0	0.0
10-5	0,0	0.0
10-1	0,0	0.0
3-4	0,009196488620034486	0.009196488620034486
2-10	0,0	0.0
7-2	0,0	0.0
2-9	0,0	0.0
7-10	0,0	0.0
5-9	0,0	0.0
9-10	0,0	0.0
4-10	0,0	0.0
7-3	0,0	0.0
5-1	0,0036310459615558665	0.0036310459615558665
6-5	4,2403379118316995e-05	4.2403379118316995e-05
0-9	0,0	0.0
4-2	0,012954009170348791	0.012954009170348791
7-8	0,0	0.0
9-4	0,0	0.0
5-3	0,0030645413378435986	0.0030645413378435986
6-6	0,00016191476812453713	0.00016191476812453713
7-9	0,0	0.0
3-2	0,055569615231029865	0.055569615231029865
9-9	0,0	0.0
0-3	0,02553519247585301	0.02553519247585301
10-6	0,0	0.0
2-1	0,07885806682779851	0.07885806682779851
8-6	0,0	0.0
4-0	0,0039368471752595415	0.0039368471752595415
0-8	0,0011423458607383518	0.0011423458607383518
3-1	0,03346450954345552	0.03346450954345552
4-3	0,00658392708509802	0.00658392708509802
5-7	0,00015439591688310076	0.00015439591688310076
8-5	0,0	0.0
1-9	0,0	0.0
8-4	0,0	0.0
5-2	0,00602954681609265	0.00602954681609265
7-4	0,0	0.0
1-4	0,016681601221385577	0.016681601221385577
3-5	0,0014229463600045362	0.0014229463600045362
3-7	0,0014229463600045362	0.0014229463600045362
9-3	0,0	0.0
2-8	0,002977407929563855	0.002977407929563855
6-9	0,0	0.0
6-2	0,0016559580377245211	0.0016559580377245211
2-2	0,13094805485773478	0.13094805485773478
2-0	0,03979636520965378	0.03979636520965378
1-1	0,060701603224632	0.060701603224632
0-10	0,0	0.0
9-6	0,0	0.0
0-1	0,030255574095874652	0.030255574095874652
8-3	0,0	0.0
0-0	0,015268721701946672	0.015268721701946672
10-9	0,0	0.0
10-7	0,0	0.0
6-3	0,0008416473103412728	0.0008416473103412728
9-8	0,0	0.0
1-0	0,03063355808625257	0.03063355808625257
6-4	0,0002740526308464411	0.0002740526308464411
8-1	0,0	0.0
8-0	0,0	0.0
3-8	0,0012635041674458885	0.0012635041674458885
8-9	0,0	0.0
7-6	0,0	0.0
4-7	0,00033170753692964846	0.00033170753692964846
10-4	0,0	0.0
1-8	0,0022918826449667327	0.0022918826449667327
1-3	0,051231125776099035	0.051231125776099035
5-5	0,00015439591688310076	0.00015439591688310076
6-10	0,0	0.0
10-2	0,0	0.0
8-8	0,0	0.0
5-0	0,0018324368957035697	0.0018324368957035697
2-4	0,021671236903622722	0.021671236903622722
1-5	0,0025810964073077728	0.0025810964073077728
7-5	0,0	0.0
4-9	0,0	0.0
10-0	0,0	0.0
4-1	0,007801017907086083	0.007801017907086083
10-8	0,0	0.0
6-1	0,0009972324502626774	0.0009972324502626774
10-3	0,0	0.0
2-7	0,003353128454008818	0.003353128454008818
4-4	0,0021438226164361223	0.0021438226164361223
2-3	0,06655487376774241	0.06655487376774241
0-7	0,0012864990288791438	0.0012864990288791438
6-8	3,765204911140198e-05	3.765204911140198e-05
0-6	0,004912419629864546	0.004912419629864546
5-4	0,0009978593237981931	0.0009978593237981931
8-7	0,0	0.0
3-10	0,0	0.0
