0-2	0,04536466045165567	0.04536466045165567
10-10	0,0	0.0
3-3	0,0062569645881847364	0.0062569645881847364
5-10	0,0	0.0
8-10	0,0	0.0
9-7	0,0	0.0
3-9	0,0	0.0
3-0	0,023341548952339225	0.023341548952339225
8-2	0,0	0.0
9-0	0,0	0.0
7-1	0,0	0.0
0-5	0,006536246102811452	0.006536246102811452
5-8	0,0	0.0
4-6	0,0	0.0
7-7	0,0	0.0
0-4	0,006536246102811452	0.006536246102811452
3-6	0,0	0.0
1-6	0,0	0.0
5-6	0,0	0.0
9-5	0,0	0.0
2-6	0,0	0.0
1-2	0,03646430127789225	0.03646430127789225
6-0	0,0	0.0
4-5	0,0005639311043566362	0.0005639311043566362
6-7	0,0	0.0
4-8	0,0	0.0
9-1	0,0	0.0
1-7	0,0	0.0
7-0	0,0	0.0
2-5	0,0022280644517726584	0.0022280644517726584
9-2	0,0	0.0
1-10	0,0	0.0
10-5	0,0	0.0
10-1	0,0	0.0
3-4	0,0010207336298521709	0.0010207336298521709
2-10	0,0	0.0
7-2	0,0	0.0
2-9	0,0	0.0
7-10	0,0	0.0
5-9	0,0	0.0
9-10	0,0	0.0
4-10	0,0	0.0
7-3	0,0	0.0
5-1	0,0	0.0
6-5	0,0	0.0
0-9	0,0	0.0
4-2	0,003913950402856178	0.003913950402856178
7-8	0,0	0.0
9-4	0,0	0.0
5-3	0,0	0.0
6-6	0,0	0.0
7-9	0,0	0.0
3-2	0,00708437745480733	0.00708437745480733
9-9	0,0	0.0
0-3	0,04006633974710397	0.04006633974710397
10-6	0,0	0.0
2-1	0,05725812168784378	0.05725812168784378
8-6	0,0	0.0
4-0	0,012895651806822018	0.012895651806822018
0-8	0,0	0.0
3-1	0,026231418190102513	0.026231418190102513
4-3	0,0034568244319004198	0.0034568244319004198
5-7	0,0	0.0
8-5	0,0	0.0
1-9	0,0	0.0
8-4	0,0	0.0
5-2	0,0	0.0
7-4	0,0	0.0
1-4	0,005253861590639706	0.005253861590639706
3-5	0,0010207336298521709	0.0010207336298521709
3-7	0,0	0.0
9-3	0,0	0.0
2-8	0,0	0.0
6-9	0,0	0.0
6-2	0,0	0.0
2-2	0,015463828278374522	0.015463828278374522
2-0	0,050950095058149764	0.050950095058149764
1-1	0,13501685108283024	0.13501685108283024
0-10	0,0	0.0
9-6	0,0	0.0
0-1	0,1679723288250101	0.1679723288250101
8-3	0,0	0.0
0-0	0,14946711258588155	0.14946711258588155
10-9	0,0	0.0
10-7	0,0	0.0
6-3	0,0	0.0
9-8	0,0	0.0
1-0	0,120142281904136	0.120142281904136
6-4	0,0	0.0
8-1	0,0	0.0
8-0	0,0	0.0
3-8	0,0	0.0
8-9	0,0	0.0
7-6	0,0	0.0
4-7	0,0	0.0
10-4	0,0	0.0
1-8	0,0	0.0
1-3	0,0322054892309343	0.0322054892309343
5-5	0,0	0.0
6-10	0,0	0.0
10-2	0,0	0.0
8-8	0,0	0.0
5-0	0,0	0.0
2-4	0,0022280644517726584	0.0022280644517726584
1-5	0,005253861590639706	0.005253861590639706
7-5	0,0	0.0
4-9	0,0	0.0
10-0	0,0	0.0
4-1	0,014492235972403143	0.014492235972403143
10-8	0,0	0.0
6-1	0,0	0.0
10-3	0,0	0.0
2-7	0,0	0.0
4-4	0,0005639311043566362	0.0005639311043566362
2-3	0,013657745730346685	0.013657745730346685
0-7	0,0	0.0
6-8	0,0	0.0
0-6	0,0	0.0
5-4	0,0	0.0
8-7	0,0	0.0
3-10	0,0	0.0
