0-2	0,07885667531573441	0.07885667531573441
10-10	0,0	0.0
3-3	0,008120597073569567	0.008120597073569567
5-10	0,0	0.0
8-10	0,0	0.0
9-7	0,0	0.0
3-9	0,0	0.0
3-0	0,0101061686021757	0.0101061686021757
8-2	0,0	0.0
9-0	0,0	0.0
7-1	0,0	0.0
0-5	0,0032805605121487996	0.0032805605121487996
5-8	0,0	0.0
4-6	1,895964628883883e-05	1.895964628883883e-05
7-7	0,0	0.0
0-4	0,014908975898961955	0.014908975898961955
3-6	0,00022909572599013592	0.00022909572599013592
1-6	0,001999114133098161	0.001999114133098161
5-6	0,0	0.0
9-5	0,0	0.0
2-6	0,0005385442386329698	0.0005385442386329698
1-2	0,15377225303202546	0.15377225303202546
6-0	0,0	0.0
4-5	6,067086812428427e-05	6.067086812428427e-05
6-7	0,0	0.0
4-8	0,0	0.0
9-1	0,0	0.0
1-7	0,0	0.0
7-0	0,0	0.0
2-5	0,0017233415636255035	0.0017233415636255035
9-2	0,0	0.0
1-10	0,0	0.0
10-5	0,0	0.0
10-1	0,0	0.0
3-4	0,003331706415113691	0.003331706415113691
2-10	0,0	0.0
7-2	0,0	0.0
2-9	0,0	0.0
7-10	0,0	0.0
5-9	0,0	0.0
9-10	0,0	0.0
4-10	0,0	0.0
7-3	0,0	0.0
5-1	0,0	0.0
6-5	0,0	0.0
0-9	0,0	0.0
4-2	0,0014583797284283774	0.0014583797284283774
7-8	0,0	0.0
9-4	0,0	0.0
5-3	0,0	0.0
6-6	0,0	0.0
7-9	0,0	0.0
3-2	0,01762208838517623	0.01762208838517623
9-9	0,0	0.0
0-3	0,03633867183069258	0.03633867183069258
10-6	0,0	0.0
2-1	0,0344546278070041	0.0344546278070041
8-6	0,0	0.0
4-0	0,0008363725739731614	0.0008363725739731614
0-8	0,0	0.0
3-1	0,014656935131646755	0.014656935131646755
4-3	0,0006720494129850676	0.0006720494129850676
5-7	0,0	0.0
8-5	0,0	0.0
1-9	0,0	0.0
8-4	0,0	0.0
5-2	0,0	0.0
7-4	0,0	0.0
1-4	0,02907283124991326	0.02907283124991326
3-5	0,000733106323168435	0.000733106323168435
3-7	0,0	0.0
9-3	0,0	0.0
2-8	0,0	0.0
6-9	0,0	0.0
6-2	0,0	0.0
2-2	0,041424928952739394	0.041424928952739394
2-0	0,023756963827380514	0.023756963827380514
1-1	0,12789800439506926	0.12789800439506926
0-10	0,0	0.0
9-6	0,0	0.0
0-1	0,06558797967284685	0.06558797967284685
8-3	0,0	0.0
0-0	0,045223859892691655	0.045223859892691655
10-9	0,0	0.0
10-7	0,0	0.0
6-3	0,0	0.0
9-8	0,0	0.0
1-0	0,0881875224723844	0.0881875224723844
6-4	0,0	0.0
8-1	0,0	0.0
8-0	0,0	0.0
3-8	0,0	0.0
8-9	0,0	0.0
7-6	0,0	0.0
4-7	0,0	0.0
10-4	0,0	0.0
1-8	0,0	0.0
1-3	0,07086121012867551	0.07086121012867551
5-5	0,0	0.0
6-10	0,0	0.0
10-2	0,0	0.0
8-8	0,0	0.0
5-0	0,0	0.0
2-4	0,007831971927548047	0.007831971927548047
1-5	0,006397165225914117	0.006397165225914117
7-5	0,0	0.0
4-9	0,0	0.0
10-0	0,0	0.0
4-1	0,0012129877350328347	0.0012129877350328347
10-8	0,0	0.0
6-1	0,0	0.0
10-3	0,0	0.0
2-7	0,0	0.0
4-4	0,0002757274274576847	0.0002757274274576847
2-3	0,01908940356407585	0.01908940356407585
0-7	0,0	0.0
6-8	0,0	0.0
0-6	0,0010251751600464996	0.0010251751600464996
5-4	0,0	0.0
8-7	0,0	0.0
3-10	0,0	0.0
