0-2	0,07115442810975098	0.07115442810975098
10-10	0,0	0.0
3-3	0,010256521499342875	0.010256521499342875
5-10	0,0	0.0
8-10	0,0	0.0
9-7	0,0	0.0
3-9	0,0	0.0
3-0	0,056208943629897846	0.056208943629897846
8-2	0,0	0.0
9-0	0,0	0.0
7-1	0,0	0.0
0-5	0,0	0.0
5-8	0,0	0.0
4-6	0,00041044391289165585	0.00041044391289165585
7-7	0,0	0.0
0-4	0,0	0.0
3-6	0,001704909906223222	0.001704909906223222
1-6	0,003364357448483792	0.003364357448483792
5-6	0,00034217910932391165	0.00034217910932391165
9-5	0,0	0.0
2-6	0,0016748188296729304	0.0016748188296729304
1-2	0,08776084557925241	0.08776084557925241
6-0	0,0074908564611081765	0.0074908564611081765
4-5	0,0	0.0
6-7	0,0	0.0
4-8	0,0	0.0
9-1	0,0	0.0
1-7	0,0	0.0
7-0	0,0	0.0
2-5	0,0	0.0
9-2	0,0	0.0
1-10	0,0	0.0
10-5	0,0	0.0
10-1	0,0	0.0
3-4	0,0	0.0
2-10	0,0	0.0
7-2	0,0	0.0
2-9	0,0	0.0
7-10	0,0	0.0
5-9	0,0	0.0
9-10	0,0	0.0
4-10	0,0	0.0
7-3	0,0	0.0
5-1	0,010131363573593241	0.010131363573593241
6-5	0,0	0.0
0-9	0,0	0.0
4-2	0,010706622411498579	0.010706622411498579
7-8	0,0	0.0
9-4	0,0	0.0
5-3	0,0020585060703771827	0.0020585060703771827
6-6	0,0002272100232078809	0.0002272100232078809
7-9	0,0	0.0
3-2	0,04447337635720747	0.04447337635720747
9-9	0,0	0.0
0-3	0,01640974851604302	0.01640974851604302
10-6	0,0	0.0
2-1	0,04958864530579525	0.04958864530579525
8-6	0,0	0.0
4-0	0,013531869736195417	0.013531869736195417
0-8	0,0	0.0
3-1	0,050479592849186156	0.050479592849186156
4-3	0,0024691784600942472	0.0024691784600942472
5-7	0,0	0.0
8-5	0,0	0.0
1-9	0,0	0.0
8-4	0,0	0.0
5-2	0,008925902920141695	0.008925902920141695
7-4	0,0	0.0
1-4	0,0	0.0
3-5	0,0	0.0
3-7	0,0	0.0
9-3	0,0	0.0
2-8	0,0	0.0
6-9	0,0	0.0
6-2	0,0059268802635081405	0.0059268802635081405
2-2	0,04368843648001525	0.04368843648001525
2-0	0,055216875005389056	0.055216875005389056
1-1	0,09961311948430475	0.09961311948430475
0-10	0,0	0.0
9-6	0,0	0.0
0-1	0,08076397284405443	0.08076397284405443
8-3	0,0	0.0
0-0	0,08993055095513205	0.08993055095513205
10-9	0,0	0.0
10-7	0,0	0.0
6-3	0,0013668666475521723	0.0013668666475521723
9-8	0,0	0.0
1-0	0,11091904474387683	0.11091904474387683
6-4	0,0	0.0
8-1	0,0	0.0
8-0	0,0	0.0
3-8	0,0	0.0
8-9	0,0	0.0
7-6	0,0	0.0
4-7	0,0	0.0
10-4	0,0	0.0
1-8	0,0	0.0
1-3	0,020239547190085035	0.020239547190085035
5-5	0,0	0.0
6-10	0,0	0.0
10-2	0,0	0.0
8-8	0,0	0.0
5-0	0,011281256679376803	0.011281256679376803
2-4	0,0	0.0
1-5	0,0	0.0
7-5	0,0	0.0
4-9	0,0	0.0
10-0	0,0	0.0
4-1	0,012152572716346746	0.012152572716346746
10-8	0,0	0.0
6-1	0,0067273170394062335	0.0067273170394062335
10-3	0,0	0.0
2-7	0,0	0.0
4-4	0,0	0.0
2-3	0,010075497403905408	0.010075497403905408
0-7	0,0	0.0
6-8	0,0	0.0
0-6	0,0027277418377591295	0.0027277418377591295
5-4	0,0	0.0
8-7	0,0	0.0
3-10	0,0	0.0
