0-2	0,06149928676907483	0.06149928676907483
10-10	0,0	0.0
3-3	0,015387334288538149	0.015387334288538149
5-10	0,0	0.0
8-10	0,0	0.0
9-7	0,0	0.0
3-9	0,0	0.0
3-0	0,029458779884998166	0.029458779884998166
8-2	0,0	0.0
9-0	0,0	0.0
7-1	0,0	0.0
0-5	0,00656651397189892	0.00656651397189892
5-8	0,0	0.0
4-6	0,0	0.0
7-7	0,0	0.0
0-4	0,01831540729284386	0.01831540729284386
3-6	0,0	0.0
1-6	0,0	0.0
5-6	0,0	0.0
9-5	0,0	0.0
2-6	0,0	0.0
1-2	0,0757765014985495	0.0757765014985495
6-0	0,0	0.0
4-5	0,0020140390715109573	0.0020140390715109573
6-7	0,0	0.0
4-8	0,0	0.0
9-1	0,0	0.0
1-7	0,0	0.0
7-0	0,0	0.0
2-5	0,005303052147775332	0.005303052147775332
9-2	0,0	0.0
1-10	0,0	0.0
10-5	0,0	0.0
10-1	0,0	0.0
3-4	0,01068268902431244	0.01068268902431244
2-10	0,0	0.0
7-2	0,0	0.0
2-9	0,0	0.0
7-10	0,0	0.0
5-9	0,0	0.0
9-10	0,0	0.0
4-10	0,0	0.0
7-3	0,0	0.0
5-1	0,007498253229462379	0.007498253229462379
6-5	0,0	0.0
0-9	0,0	0.0
4-2	0,018862667003075737	0.018862667003075737
7-8	0,0	0.0
9-4	0,0	0.0
5-3	0,0024744340777837505	0.0024744340777837505
6-6	0,0	0.0
7-9	0,0	0.0
3-2	0,0358702236464996	0.0358702236464996
9-9	0,0	0.0
0-3	0,026381493835898388	0.026381493835898388
10-6	0,0	0.0
2-1	0,06456165040123134	0.06456165040123134
8-6	0,0	0.0
4-0	0,015491153909821007	0.015491153909821007
0-8	0,0	0.0
3-1	0,04662808763335003	0.04662808763335003
4-3	0,008091562673544361	0.008091562673544361
5-7	0,0	0.0
8-5	0,0	0.0
1-9	0,0	0.0
8-4	0,0	0.0
5-2	0,005768283323430381	0.005768283323430381
7-4	0,0	0.0
1-4	0,022567375348337	0.022567375348337
3-5	0,003830000917479291	0.003830000917479291
3-7	0,0	0.0
9-3	0,0	0.0
2-8	0,0	0.0
6-9	0,0	0.0
6-2	0,0	0.0
2-2	0,04966621957755176	0.04966621957755176
2-0	0,0407888795083624	0.0407888795083624
1-1	0,09850268532596242	0.09850268532596242
0-10	0,0	0.0
9-6	0,0	0.0
0-1	0,07994358109157705	0.07994358109157705
8-3	0,0	0.0
0-0	0,05050690427438553	0.05050690427438553
10-9	0,0	0.0
10-7	0,0	0.0
6-3	0,0	0.0
9-8	0,0	0.0
1-0	0,06223220964831763	0.06223220964831763
6-4	0,0	0.0
8-1	0,0	0.0
8-0	0,0	0.0
3-8	0,0	0.0
8-9	0,0	0.0
7-6	0,0	0.0
4-7	0,0	0.0
10-4	0,0	0.0
1-8	0,0	0.0
1-3	0,03250602425189723	0.03250602425189723
5-5	0,0006159016636957812	0.0006159016636957812
6-10	0,0	0.0
10-2	0,0	0.0
8-8	0,0	0.0
5-0	0,0047372603643028475	0.0047372603643028475
2-4	0,01479134292523374	0.01479134292523374
1-5	0,008090946773094264	0.008090946773094264
7-5	0,0	0.0
4-9	0,0	0.0
10-0	0,0	0.0
4-1	0,02451978272245717	0.02451978272245717
10-8	0,0	0.0
6-1	0,0	0.0
10-3	0,0	0.0
2-7	0,0	0.0
4-4	0,0056175843158614205	0.0056175843158614205
2-3	0,02130543514362238	0.02130543514362238
0-7	0,0	0.0
6-8	0,0	0.0
0-6	0,0	0.0
5-4	0,0017178810356914933	0.0017178810356914933
8-7	0,0	0.0
3-10	0,0	0.0
