0-2	0,08930081260178346	0.08930081260178346
10-10	0,0	0.0
3-3	0,014550763717217474	0.014550763717217474
5-10	0,0	0.0
8-10	0,0	0.0
9-7	0,0	0.0
3-9	0,0	0.0
3-0	0,005018799458630833	0.005018799458630833
8-2	0,0	0.0
9-0	0,0	0.0
7-1	0,0	0.0
0-5	0,01726852774374491	0.01726852774374491
5-8	0,0	0.0
4-6	0,0003373692694081043	0.0003373692694081043
7-7	0,0	0.0
0-4	0,05656569044407572	0.05656569044407572
3-6	0,0016020107997624603	0.0016020107997624603
1-6	0,007408313489049308	0.007408313489049308
5-6	0,0006997288550686609	0.0006997288550686609
9-5	0,0	0.0
2-6	0,0062322341320808355	0.0062322341320808355
1-2	0,06883943799902537	0.06883943799902537
6-0	0,0	0.0
4-5	0,0006062104059676875	0.0006062104059676875
6-7	0,0	0.0
4-8	0,0	0.0
9-1	0,0	0.0
1-7	0,0016668705350360944	0.0016668705350360944
7-0	0,0	0.0
2-5	0,011198545706082752	0.011198545706082752
9-2	0,0	0.0
1-10	0,0	0.0
10-5	0,0	0.0
10-1	0,0	0.0
3-4	0,009429335441726857	0.009429335441726857
2-10	0,0	0.0
7-2	0,0	0.0
2-9	0,0	0.0
7-10	0,0	0.0
5-9	0,0	0.0
9-10	0,0	0.0
4-10	0,0	0.0
7-3	0,0	0.0
5-1	0,005744336569579288	0.005744336569579288
6-5	0,0	0.0
0-9	0,0	0.0
4-2	0,003134898508078119	0.003134898508078119
7-8	0,0	0.0
9-4	0,0	0.0
5-3	0,006355505991428322	0.006355505991428322
6-6	0,0	0.0
7-9	0,0	0.0
3-2	0,014886184728417738	0.014886184728417738
9-9	0,0	0.0
0-3	0,08728865371686015	0.08728865371686015
10-6	0,0	0.0
2-1	0,05116274707805111	0.05116274707805111
8-6	0,0	0.0
4-0	0,0010569146643175768	0.0010569146643175768
0-8	0,0	0.0
3-1	0,013151507409299948	0.013151507409299948
4-3	0,0030642618172957974	0.0030642618172957974
5-7	0,0001574389923904487	0.0001574389923904487
8-5	0,0	0.0
1-9	0,0	0.0
8-4	0,0	0.0
5-2	0,006502011720458323	0.006502011720458323
7-4	0,0	0.0
1-4	0,043604870176951166	0.043604870176951166
3-5	0,0028786131558231716	0.0028786131558231716
3-7	0,0003604524299465536	0.0003604524299465536
9-3	0,0	0.0
2-8	0,0	0.0
6-9	0,0	0.0
6-2	0,0	0.0
2-2	0,05791108809919489	0.05791108809919489
2-0	0,019524420991909493	0.019524420991909493
1-1	0,06081762354916416	0.06081762354916416
0-10	0,0	0.0
9-6	0,0	0.0
0-1	0,07889464762229197	0.07889464762229197
8-3	0,0	0.0
0-0	0,030107302718442218	0.030107302718442218
10-9	0,0	0.0
10-7	0,0	0.0
6-3	0,0	0.0
9-8	0,0	0.0
1-0	0,023208857102412286	0.023208857102412286
6-4	0,0	0.0
8-1	0,0	0.0
8-0	0,0	0.0
3-8	0,0	0.0
8-9	0,0	0.0
7-6	0,0	0.0
4-7	7,590808561682348e-05	7.590808561682348e-05
10-4	0,0	0.0
1-8	0,0	0.0
1-3	0,06728832236225567	0.06728832236225567
5-5	0,0012573252864515002	0.0012573252864515002
6-10	0,0	0.0
10-2	0,0	0.0
8-8	0,0	0.0
5-0	0,0021921193037697895	0.0021921193037697895
2-4	0,03668254058679454	0.03668254058679454
1-5	0,013311813300635477	0.013311813300635477
7-5	0,0	0.0
4-9	0,0	0.0
10-0	0,0	0.0
4-1	0,002769590846047156	0.002769590846047156
10-8	0,0	0.0
6-1	0,0	0.0
10-3	0,0	0.0
2-7	0,001402252679718188	0.001402252679718188
4-4	0,001985734434156764	0.001985734434156764
2-3	0,056606214077790463	0.056606214077790463
0-7	0,002162319995738493	0.002162319995738493
6-8	0,0	0.0
0-6	0,009610311092171081	0.009610311092171081
5-4	0,004118560307880697	0.004118560307880697
8-7	0,0	0.0
3-10	0,0	0.0
