0-2	0,09932536572920678	0.09932536572920678
10-10	0,0	0.0
3-3	0,012276266616892358	0.012276266616892358
5-10	0,0	0.0
8-10	0,0	0.0
9-7	0,0	0.0
3-9	0,0	0.0
3-0	0,026473589181365362	0.026473589181365362
8-2	0,0	0.0
9-0	0,0	0.0
7-1	0,0	0.0
0-5	0,0	0.0
5-8	0,0	0.0
4-6	0,00010997067448680352	0.00010997067448680352
7-7	0,0	0.0
0-4	0,023356346219156793	0.023356346219156793
3-6	0,001027302645765051	0.001027302645765051
1-6	0,002665098209230681	0.002665098209230681
5-6	0,0	0.0
9-5	0,0	0.0
2-6	0,0018245485687225487	0.0018245485687225487
1-2	0,09780910427876599	0.09780910427876599
6-0	0,0	0.0
4-5	0,0	0.0
6-7	0,0	0.0
4-8	0,00015835777126099707	0.00015835777126099707
9-1	0,0	0.0
1-7	0,0	0.0
7-0	0,0	0.0
2-5	0,0	0.0
9-2	0,0	0.0
1-10	0,0	0.0
10-5	0,0	0.0
10-1	0,0	0.0
3-4	0,008865621832952388	0.008865621832952388
2-10	0,0	0.0
7-2	0,0	0.0
2-9	0,0	0.0
7-10	0,0	0.0
5-9	0,0	0.0
9-10	0,0	0.0
4-10	0,0	0.0
7-3	0,0	0.0
5-1	0,0	0.0
6-5	0,0	0.0
0-9	0,0	0.0
4-2	0,004035923753665689	0.004035923753665689
7-8	0,0	0.0
9-4	0,0	0.0
5-3	0,0	0.0
6-6	0,0	0.0
7-9	0,0	0.0
3-2	0,03770200709957737	0.03770200709957737
9-9	0,0	0.0
0-3	0,03234163815978258	0.03234163815978258
10-6	0,0	0.0
2-1	0,06114062253789261	0.06114062253789261
8-6	0,0	0.0
4-0	0,0028339442815249268	0.0028339442815249268
0-8	0,00389723505858468	0.00389723505858468
3-1	0,03442491165958685	0.03442491165958685
4-3	0,001314149560117302	0.001314149560117302
5-7	0,0	0.0
8-5	0,0	0.0
1-9	0,0	0.0
8-4	0,0	0.0
5-2	0,0	0.0
7-4	0,0	0.0
1-4	0,022999797545660772	0.022999797545660772
3-5	0,0	0.0
3-7	0,0	0.0
9-3	0,0	0.0
2-8	0,0026273499389604703	0.0026273499389604703
6-9	0,0	0.0
6-2	0,0	0.0
2-2	0,06696093247211754	0.06696093247211754
2-0	0,047018616615980086	0.047018616615980086
1-1	0,08930744099132011	0.08930744099132011
0-10	0,0	0.0
9-6	0,0	0.0
0-1	0,09069190750914766	0.09069190750914766
8-3	0,0	0.0
0-0	0,069744269069255	0.069744269069255
10-9	0,0	0.0
10-7	0,0	0.0
6-3	0,0	0.0
9-8	0,0	0.0
1-0	0,06867958085187464	0.06867958085187464
6-4	0,0	0.0
8-1	0,0	0.0
8-0	0,0	0.0
3-8	0,0014793158099016732	0.0014793158099016732
8-9	0,0	0.0
7-6	0,0	0.0
4-7	0,0	0.0
10-4	0,0	0.0
1-8	0,003837741421292181	0.003837741421292181
1-3	0,03184792360030664	0.03184792360030664
5-5	0,0	0.0
6-10	0,0	0.0
10-2	0,0	0.0
8-8	0,0	0.0
5-0	0,0	0.0
2-4	0,015745854148075594	0.015745854148075594
1-5	0,0	0.0
7-5	0,0	0.0
4-9	0,0	0.0
10-0	0,0	0.0
4-1	0,003685117302052786	0.003685117302052786
10-8	0,0	0.0
6-1	0,0	0.0
10-3	0,0	0.0
2-7	0,0	0.0
4-4	0,0009490469208211143	0.0009490469208211143
2-3	0,02180335539623446	0.02180335539623446
0-7	0,0	0.0
6-8	0,0	0.0
0-6	0,0027064132351282497	0.0027064132351282497
5-4	0,0	0.0
8-7	0,0	0.0
3-10	0,0	0.0
