0-2	0,09115500109646452	0.09115500109646452
10-10	0,0	0.0
3-3	0,003597098476427312	0.003597098476427312
5-10	0,0	0.0
8-10	0,0	0.0
9-7	0,0	0.0
3-9	0,0	0.0
3-0	0,007589373311601299	0.007589373311601299
8-2	0,0	0.0
9-0	0,0	0.0
7-1	0,0	0.0
0-5	0,00043297894517406715	0.00043297894517406715
5-8	0,0	0.0
4-6	0,0	0.0
7-7	0,0	0.0
0-4	0,012338587880051296	0.012338587880051296
3-6	0,0	0.0
1-6	0,0	0.0
5-6	0,0	0.0
9-5	0,0	0.0
2-6	0,0	0.0
1-2	0,1117425904660985	0.1117425904660985
6-0	0,0	0.0
4-5	2,2670788628235433e-05	2.2670788628235433e-05
6-7	0,0	0.0
4-8	0,0	0.0
9-1	0,0	0.0
1-7	0,0	0.0
7-0	0,0	0.0
2-5	0,00015871400121529854	0.00015871400121529854
9-2	0,0	0.0
1-10	0,0	0.0
10-5	0,0	0.0
10-1	0,0	0.0
3-4	0,0010515671979778535	0.0010515671979778535
2-10	0,0	0.0
7-2	0,0	0.0
2-9	0,0	0.0
7-10	0,0	0.0
5-9	0,0	0.0
9-10	0,0	0.0
4-10	0,0	0.0
7-3	0,0	0.0
5-1	0,0	0.0
6-5	0,0	0.0
0-9	0,0	0.0
4-2	0,004772878185644143	0.004772878185644143
7-8	0,0	0.0
9-4	0,0	0.0
5-3	0,0	0.0
6-6	0,0	0.0
7-9	0,0	0.0
3-2	0,007768766573333256	0.007768766573333256
9-9	0,0	0.0
0-3	0,042206637626149825	0.042206637626149825
10-6	0,0	0.0
2-1	0,04806258459486274	0.04806258459486274
8-6	0,0	0.0
4-0	0,0046626647846506	0.0046626647846506
0-8	0,0	0.0
3-1	0,01117455483582451	0.01117455483582451
4-3	0,0022099406241250213	0.0022099406241250213
5-7	0,0	0.0
8-5	0,0	0.0
1-9	0,0	0.0
8-4	0,0	0.0
5-2	0,0	0.0
7-4	0,0	0.0
1-4	0,015125289406244255	0.015125289406244255
3-5	3,690101821912927e-05	3.690101821912927e-05
3-7	0,0	0.0
9-3	0,0	0.0
2-8	0,0	0.0
6-9	0,0	0.0
6-2	0,0	0.0
2-2	0,03341403806364886	0.03341403806364886
2-0	0,032642454412719075	0.032642454412719075
1-1	0,16072998112038067	0.16072998112038067
0-10	0,0	0.0
9-6	0,0	0.0
0-1	0,13111689593153006	0.13111689593153006
8-3	0,0	0.0
0-0	0,08905008613789103	0.08905008613789103
10-9	0,0	0.0
10-7	0,0	0.0
6-3	0,0	0.0
9-8	0,0	0.0
1-0	0,10916227509828962	0.10916227509828962
6-4	0,0	0.0
8-1	0,0	0.0
8-0	0,0	0.0
3-8	0,0	0.0
8-9	0,0	0.0
7-6	0,0	0.0
4-7	0,0	0.0
10-4	0,0	0.0
1-8	0,0	0.0
1-3	0,05173911432702299	0.05173911432702299
5-5	0,0	0.0
6-10	0,0	0.0
10-2	0,0	0.0
8-8	0,0	0.0
5-0	0,0	0.0
2-4	0,004522868083117175	0.004522868083117175
1-5	0,0005307683436899834	0.0005307683436899834
7-5	0,0	0.0
4-9	0,0	0.0
10-0	0,0	0.0
4-1	0,006865284019893948	0.006865284019893948
10-8	0,0	0.0
6-1	0,0	0.0
10-3	0,0	0.0
2-7	0,0	0.0
4-4	0,0006460487765452304	0.0006460487765452304
2-3	0,015471385872579438	0.015471385872579438
0-7	0,0	0.0
6-8	0,0	0.0
0-6	0,0	0.0
5-4	0,0	0.0
8-7	0,0	0.0
3-10	0,0	0.0
