-10.5	0,0	0.0
-9.5	0,0	0.0
-8.5	0,0011423458607383518	0.0011423458607383518
-7.5	0,0035783816738458765	0.0035783816738458765
-6.5	0,010470923966736174	0.010470923966736174
-5.5	0,01575889397366685	0.01575889397366685
-4.5	0,025416933600987023	0.025416933600987023
-3.5	0,051472161034742205	0.051472161034742205
-2.5	0,1260249679965833	0.1260249679965833
-1.5	0,20776887097170282	0.20776887097170282
-0.5	0,23762199276967672	0.23762199276967672
0.5	0,1726854299330955	0.1726854299330955
1.5	0,08955347789214814	0.08955347789214814
2.5	0,03156034912495369	0.03156034912495369
3.5	0,00922385117453993	0.00922385117453993
4.5	0,002829669345966247	0.002829669345966247
5.5	0,0005032614719840113	0.0005032614719840113
6.5	0,0	0.0
7.5	0,0	0.0
8.5	0,0	0.0
9.5	0,0	0.0
