-10.95	0,0	0.0
-9.95	0,0	0.0
-8.95	0,0	0.0
-7.95	0,0	0.0
-6.95	0,0	0.0
-5.95	0,006536246102811452	0.006536246102811452
-4.95	0,011790107693451159	0.011790107693451159
-3.95	0,047548265789516334	0.047548265789516334
-2.95	0,08081894776421482	0.08081894776421482
-1.95	0,21967904056745785	0.21967904056745785
-0.95	0,30676868763962767	0.30676868763962767
0.050000000000000044	0,18794160547868755	0.18794160547868755
1.05	0,08109546365110845	0.08109546365110845
2.05	0,03783378492474237	0.03783378492474237
3.05	0,012895651806822018	0.012895651806822018
4.05	0,0	0.0
5.05	0,0	0.0
6.05	0,0	0.0
7.05	0,0	0.0
8.05	0,0	0.0
9.05	0,0	0.0
