-10.8	0,0	0.0
-9.8	0,0	0.0
-8.8	0,0	0.0
-7.8	0,0	0.0
-6.8	0,0010251751600464996	0.0010251751600464996
-5.8	0,005279674645246961	0.005279674645246961
-4.8	0,02184468536350904	0.02184468536350904
-3.8	0,06736394037022148	0.06736394037022148
-2.8	0,15830192334141527	0.15830192334141527
-1.8	0,24184201355218612	0.24184201355218612
-0.8	0,22294311774152756	0.22294311774152756
0.19999999999999996	0,1409362880775498	0.1409362880775498
1.2	0,039872278687455645	0.039872278687455645
2.2	0,011319156337208536	0.011319156337208536
3.2	0,0008363725739731614	0.0008363725739731614
4.2	0,0	0.0
5.2	0,0	0.0
6.2	0,0	0.0
7.2	0,0	0.0
8.2	0,0	0.0
9.2	0,0	0.0
