-8.7	0,0	0.0
-7.7	0,0	0.0
-6.7	0,0	0.0
-5.7	0,0	0.0
-4.7	0,0027277418377591295	0.0027277418377591295
-3.7	0,003364357448483792	0.003364357448483792
-2.7	0,0016748188296729304	0.0016748188296729304
-1.7000000000000002	0,01811465842226624	0.01811465842226624
-0.7000000000000002	0,09180441921272767	0.09180441921272767
0.2999999999999998	0,17894249493653613	0.17894249493653613
1.2999999999999998	0,2437158384420028	0.2437158384420028
2.3	0,20745024486697378	0.20745024486697378
3.3	0,11846159633645098	0.11846159633645098
4.3	0,07865428591393846	0.07865428591393846
5.3	0,0295901135732968	0.0295901135732968
6.3	0,018008573718783037	0.018008573718783037
7.3	0,0074908564611081765	0.0074908564611081765
8.3	0,0	0.0
9.3	0,0	0.0
10.3	0,0	0.0
11.3	0,0	0.0
