-9.15	0,0	0.0
-8.15	0,0	0.0
-7.15	0,0	0.0
-6.15	0,0	0.0
-5.15	0,0	0.0
-4.15	0,00656651397189892	0.00656651397189892
-3.15	0,026406354065938123	0.026406354065938123
-2.15	0,05425192133201072	0.05425192133201072
-1.15	0,11262665486368509	0.11262665486368509
-0.15000000000000002	0,1897222458295723	0.1897222458295723
0.85	0,22029662944599507	0.22029662944599507
1.85	0,1724735274052844	0.1724735274052844
2.85	0,10875406822257191	0.10875406822257191
3.85	0,05974684593088572	0.05974684593088572
4.85	0,022989407139283387	0.022989407139283387
5.85	0,0047372603643028475	0.0047372603643028475
6.85	0,0	0.0
7.85	0,0	0.0
8.85	0,0	0.0
9.85	0,0	0.0
10.85	0,0	0.0
