-10.75	0,0	0.0
-9.75	0,0	0.0
-8.75	0,00389723505858468	0.00389723505858468
-7.75	0,003837741421292181	0.003837741421292181
-6.75	0,00533376317408872	0.00533376317408872
-5.75	0,0041444140191323545	0.0041444140191323545
-4.75	0,025339252559140338	0.025339252559140338
-3.75	0,05636873835120841	0.05636873835120841
-2.75	0,14702911415207578	0.14702911415207578
-1.75	0,2191699890171005	0.2191699890171005
-0.75	0,23923795607040613	0.23923795607040613
0.25	0,16883636004946193	0.16883636004946193
1.25	0,08547945202923263	0.08547945202923263
2.25	0,03015870648341815	0.03015870648341815
3.25	0,0028339442815249268	0.0028339442815249268
4.25	0,0	0.0
5.25	0,0	0.0
6.25	0,0	0.0
7.25	0,0	0.0
8.25	0,0	0.0
9.25	0,0	0.0
