-11.75	0,0	0.0
-10.75	0,0	0.0
-9.75	0,0	0.0
-8.75	0,0	0.0
-7.75	0,0	0.0
-6.75	0,008365792186962996	0.008365792186962996
-5.75	0,044375071600412416	0.044375071600412416
-4.75	0,06438022683010654	0.06438022683010654
-3.75	0,15029785771566045	0.15029785771566045
-2.75	0,22497135983503264	0.22497135983503264
-1.75	0,24933841218925418	0.24933841218925418
-0.75	0,14978519876274488	0.14978519876274488
0.25	0,011934356741894834	0.011934356741894834
1.25	0,0	0.0
2.25	0,0	0.0
3.25	0,0	0.0
4.25	0,0	0.0
5.25	0,0	0.0
6.25	0,0	0.0
7.25	0,0	0.0
8.25	0,0	0.0
