-10.4	0,0	0.0
-9.4	0,0	0.0
-8.4	0,0	0.0
-7.4	0,0	0.0
-6.4	0,0	0.0
-5.4	0,0	0.0
-4.4	0,0	0.0
-3.4	0,07923412698412698	0.07923412698412698
-2.4	0,10613888888888887	0.10613888888888887
-1.4	0,23949305555555553	0.23949305555555553
-0.4	0,2751865079365079	0.2751865079365079
0.6	0,12331150793650793	0.12331150793650793
1.6	0,07154414682539682	0.07154414682539682
2.6	0,04396825396825396	0.04396825396825396
3.6	0,011123511904761905	0.011123511904761905
4.6	0,0	0.0
5.6	0,0	0.0
6.6	0,0	0.0
7.6	0,0	0.0
8.6	0,0	0.0
9.6	0,0	0.0
