-10	0,0	0.0
-9	0,0	0.0
-8	0,0	0.0
-7	0,0	0.0
-6	0,0	0.0
-5	0,006536246102811452	0.006536246102811452
-4	0,011790107693451159	0.011790107693451159
-3	0,047548265789516334	0.047548265789516334
-2	0,08081894776421482	0.08081894776421482
-1	0,21967904056745785	0.21967904056745785
0	0,30676868763962767	0.30676868763962767
1	0,18794160547868755	0.18794160547868755
2	0,08109546365110845	0.08109546365110845
3	0,03783378492474237	0.03783378492474237
4	0,012895651806822018	0.012895651806822018
5	0,0	0.0
6	0,0	0.0
7	0,0	0.0
8	0,0	0.0
9	0,0	0.0
10	0,0	0.0
