-10	0,0	0.0
-9	0,0	0.0
-8	0,0	0.0
-7	0,0	0.0
-6	0,0010251751600464996	0.0010251751600464996
-5	0,005279674645246961	0.005279674645246961
-4	0,02184468536350904	0.02184468536350904
-3	0,06736394037022148	0.06736394037022148
-2	0,15830192334141527	0.15830192334141527
-1	0,24184201355218612	0.24184201355218612
0	0,22294311774152756	0.22294311774152756
1	0,1409362880775498	0.1409362880775498
2	0,039872278687455645	0.039872278687455645
3	0,011319156337208536	0.011319156337208536
4	0,0008363725739731614	0.0008363725739731614
5	0,0	0.0
6	0,0	0.0
7	0,0	0.0
8	0,0	0.0
9	0,0	0.0
10	0,0	0.0
