-10	0,0	0.0
-9	0,0	0.0
-8	0,0	0.0
-7	0,0	0.0
-6	0,0027277418377591295	0.0027277418377591295
-5	0,003364357448483792	0.003364357448483792
-4	0,0016748188296729304	0.0016748188296729304
-3	0,01811465842226624	0.01811465842226624
-2	0,09180441921272767	0.09180441921272767
-1	0,17894249493653613	0.17894249493653613
0	0,2437158384420028	0.2437158384420028
1	0,20745024486697378	0.20745024486697378
2	0,11846159633645098	0.11846159633645098
3	0,07865428591393846	0.07865428591393846
4	0,0295901135732968	0.0295901135732968
5	0,018008573718783037	0.018008573718783037
6	0,0074908564611081765	0.0074908564611081765
7	0,0	0.0
8	0,0	0.0
9	0,0	0.0
10	0,0	0.0
