-10	0,0	0.0
-9	0,0	0.0
-8	0,0	0.0
-7	0,0	0.0
-6	0,0	0.0
-5	0,00656651397189892	0.00656651397189892
-4	0,026406354065938123	0.026406354065938123
-3	0,05425192133201072	0.05425192133201072
-2	0,11262665486368509	0.11262665486368509
-1	0,1897222458295723	0.1897222458295723
0	0,22029662944599507	0.22029662944599507
1	0,1724735274052844	0.1724735274052844
2	0,10875406822257191	0.10875406822257191
3	0,05974684593088572	0.05974684593088572
4	0,022989407139283387	0.022989407139283387
5	0,0047372603643028475	0.0047372603643028475
6	0,0	0.0
7	0,0	0.0
8	0,0	0.0
9	0,0	0.0
10	0,0	0.0
