-10	0,0	0.0
-9	0,0	0.0
-8	0,0	0.0
-7	0,002162319995738493	0.002162319995738493
-6	0,011277181627207176	0.011277181627207176
-5	0,026079093912512407	0.026079093912512407
-4	0,07647019030673859	0.07647019030673859
-3	0,14376998848527336	0.14376998848527336
-2	0,1966450969684554	0.1966450969684554
-1	0,215075574401871	0.215075574401871
0	0,166629837804627	0.166629837804627
1	0,09644061103405763	0.09644061103405763
2	0,04216633290071588	0.04216633290071588
3	0,014290402025136312	0.014290402025136312
4	0,006801251233896865	0.006801251233896865
5	0,0021921193037697895	0.0021921193037697895
6	0,0	0.0
7	0,0	0.0
8	0,0	0.0
9	0,0	0.0
10	0,0	0.0
