-10	0,0	0.0
-9	0,0	0.0
-8	0,00389723505858468	0.00389723505858468
-7	0,003837741421292181	0.003837741421292181
-6	0,00533376317408872	0.00533376317408872
-5	0,0041444140191323545	0.0041444140191323545
-4	0,025339252559140338	0.025339252559140338
-3	0,05636873835120841	0.05636873835120841
-2	0,14702911415207578	0.14702911415207578
-1	0,2191699890171005	0.2191699890171005
0	0,23923795607040613	0.23923795607040613
1	0,16883636004946193	0.16883636004946193
2	0,08547945202923263	0.08547945202923263
3	0,03015870648341815	0.03015870648341815
4	0,0028339442815249268	0.0028339442815249268
5	0,0	0.0
6	0,0	0.0
7	0,0	0.0
8	0,0	0.0
9	0,0	0.0
10	0,0	0.0
