-10	0,0	0.0
-9	0,0	0.0
-8	0,0	0.0
-7	0,0	0.0
-6	0,0	0.0
-5	0,00043297894517406715	0.00043297894517406715
-4	0,01286935622374128	0.01286935622374128
-3	0,057490641033609374	0.057490641033609374
-2	0,1474538845248238	0.1474538845248238
-1	0,2594051102568141	0.2594051102568141
0	0,2874372525748931	0.2874372525748931
1	0,16720356689061064	0.16720356689061064
2	0,048589887434187726	0.048589887434187726
3	0,014454657331495247	0.014454657331495247
4	0,0046626647846506	0.0046626647846506
5	0,0	0.0
6	0,0	0.0
7	0,0	0.0
8	0,0	0.0
9	0,0	0.0
10	0,0	0.0
